0	1	1	1	1	2	2	2
1::Q61805	23.0267159924578	22.798023483696	22.6569916676295	22.8503393540071	20.559692795239	19.9758564890809	19.8369084475666
1::P05367	18.78078022222	18.8631620543214	18.293260806811	18.2630156818529	11.6454649960665	9.84436945648559	12.0676074948212
1::P05366	19.0386612950847	19.0440957852283	18.5180747903619	18.6607727624989	15.989820327551	13.789958634524	16.1605450232884
1::P10922	14.3118209389737	14.1527039186717	14.3364683859645	14.3132123036235	11.8972146875269	12.2135138334257	9.77179755698508
1::P05017	22.5855256509531	22.3738538632208	22.4373621689448	22.3711056272426	23.6363899752639	23.0895311864441	23.1169000544364
1::Q8CEF9	11.6749707278285	9.83426148479214	10.6949386504261	12.3137380879793	14.1660342152554	13.7572284236573	13.9695537346097
1::P20033	15.0621928294538	15.2543442686649	15.0291214012204	14.8867336690939	16.2495420810035	16.1608843683926	16.0458296206492
1::Q61646	18.2999776411399	17.4410694088416	18.3862963980924	18.0904124465566	15.5150924832127	11.7374406504581	13.7229757770177
1::P47877	19.1252473878581	18.7265755120475	19.2322410848118	19.2046545931145	20.8246801681621	19.9922458391799	20.4061529476494
1::P48787	15.8714373058663	16.1239178395709	16.0606909128295	15.4235223894745	14.4141330235767	13.8255064925766	12.5141248500075
1::P18419	23.3695565316975	20.6858123451486	23.3523432243921	23.8798853008205	17.5128025444069	17.3000867405969	16.4740964341395
1::P27656	19.5455470073594	19.3256046690172	19.5743226171624	19.4338973441974	20.8922602798641	20.1018694610447	20.0201433879129
1::P98064	17.3484746830893	17.4664572125791	17.7064145365648	17.625269617488	18.6656678962521	18.043850487275	18.5424943029643
1::Q9DBB9	20.7291462262539	21.3655683277392	21.3458530693774	21.3536033210523	22.7476631577373	22.4246627917494	22.186417640999
1::O08692	19.0120787309076	18.1586140493469	18.2844137247242	18.6711892312467	17.7677141747047	15.5563974229842	16.1066682485298
1::P21570	20.1621737965344	19.9608174988171	20.2517667652851	19.9676795216631	18.8017306139103	19.0102329141433	19.371827600262
1::Q8K0C5	16.8337293065297	16.2424321292722	16.9851813942697	17.2938987852012	14.4700916249684	14.5931995863076	14.5169956790947
1::Q61581	18.2168204539966	18.2722399373447	18.5152430528138	18.0677108464882	19.008260824334	18.9840480115868	18.9070403048465
1::Q9DD06	20.0823512863334	20.1177019347467	20.1368980893783	19.9654137110444	20.7405545708528	20.660883705123	20.3664613703996
1::P32921	16.61627224415	16.3131706556959	16.1527052711952	16.5759686633806	15.5555645094045	15.7275716985476	15.0201031360427
1::P50752	16.9790117114961	17.4256204261564	16.6750439573168	16.2595742727678	15.9311231928651	14.7217497210571	14.6944699288182
1::Q6ZWY9	19.058172299438	18.6113263644785	18.9278074138284	18.6530314032381	18.1594011786853	17.8391299159035	16.2156423992568
1::Q91X72	16.1229991216023	15.5650523371027	16.2773548625383	16.2548223031446	15.3131677671307	14.5459302591193	14.8363594447561
1::Q62151	11.0733446829555	11.4591780092668	11.0996521606228	11.2654091601492	14.539976985859	15.6803091239068	15.4399797457312
1::Q91YW3	11.0702913571082	8.83247581130407	-16.6228713267576	11.7871391836285	12.5208122542733	12.627513937501	12.51145459331
1::P05208	14.2339900690912	14.4473727461487	14.7627665127589	15.3039095856959	9.89474424591436	11.8336385593024	11.8870136276525
1::Q9JKR6	18.1227529746324	17.999082901929	18.0214633059068	17.9651243378599	17.6000839531107	17.5827248567676	17.6412391552909
1::Q8QZT1	15.9384518679127	15.6547652061976	15.8636478284527	16.2734370650586	15.4681360699647	14.9322459360535	14.1409277811566
1::P48678	14.4158711757776	14.4289608777879	14.8358509258831	14.5436540919252	15.7468958838925	14.8377408118945	14.9401240177213
1::P70274	18.3629438928749	18.3146365333333	18.5485868180402	18.1074088982647	19.3723639850074	18.5133537769742	19.4298415072935
1::P11247	17.5693026451711	17.1985357260758	17.555287540242	17.5651609357755	17.4812292674063	16.3847613064489	16.3465348331591
1::Q64487	18.4498183474272	18.637152543946	18.8936023013569	18.5184768275243	19.2560851130991	19.2911184220082	19.2925771891727
1::O89053	12.7278112821099	12.5156194535973	12.8241962716596	13.1954013111779	15.3291282296167	13.5221576199139	14.1572768835733
1::Q99PL5	14.6513983876653	13.9106339405953	14.8689915466297	14.8776817811538	13.5688875063426	13.6057271394585	11.1130426016261
1::O88803	15.9753376297495	16.2516897796383	16.9660972817712	16.5605815738883	17.3014695596781	17.6233234995172	17.5696193753072
1::Q9JM99	22.4479746530897	22.3826185102371	22.2090162302546	22.3301583096805	20.0039830740756	21.57440670647	21.0684607573633
1::Q62009	18.625649565649	17.8589113719078	17.4113202532537	18.345220783233	19.5868940465005	18.7736145070889	18.6643226194354
1::Q9JJH1	22.7027994515255	22.6152619010472	22.8818012936339	22.7976207021468	22.119515894277	22.1150675026877	22.4158008512417
1::P26262	25.1359865266925	24.9839077670624	25.2403833026852	25.1294129790863	26.1879222428152	25.45383799041	25.3811145820292
1::P97430	21.3450537882598	21.5428254371518	21.5161641936797	21.1911899169406	21.9868270315596	22.28938082964	21.7545490775993
1::P31532	18.8834784290683	17.3066531327824	17.2933584872701	18.0870717280744	16.7033455158994	15.531323891025	16.3706276557222
1::Q8BH64	15.4887580125494	16.3539355528667	15.8365574694064	15.0690751446468	13.1639920123595	14.878711652149	13.3717160807408
1::P0C0S6;1::P22752;1::Q64522	16.7618323098699	16.150845467995	16.430979308015	17.0683273203485	15.8541680454726	15.8018891788512	13.679901033787
1::Q8BWT1	16.4532472995496	15.8486340071434	15.8367530548586	16.1827508671316	15.9878442351442	15.3384902265988	14.0345813096261
1::Q9CZU6	19.6798026034456	19.5226076306075	19.6213353663691	19.6507790505005	19.6182944264904	18.8569032935814	18.037516345922
1::P09535	17.1027021813389	17.6618745030686	17.1686643281574	17.1508491968541	18.4821738064349	17.4825140146849	17.5961877452505
1::O70410	19.4464602879092	18.4992440221771	17.1411955374381	18.8484774370263	16.8572812565883	15.3412763077955	17.2978558414965
1::Q8BK62	16.3047096145489	16.6265030126164	16.8414900131603	16.6065734512718	17.2668100728529	17.4679906987862	17.0940869259093
1::P32261	29.7957763331588	29.4121295112529	29.1967472689226	29.2158684643303	29.987178270975	30.1335579249304	29.6730072237051
1::A2A8L5	17.9615557125256	17.4281918799332	16.9722168951035	18.2782092222873	19.5727535265858	18.1008703309285	18.5878007113485
1::Q8BGD9	14.7609101999842	14.3599630304365	14.2462173168391	14.5207566551259	14.9968894518782	15.4271305422566	15.2057162902196
1::Q8K1M6	14.6854555636356	15.0176671327954	14.3805948021144	13.9714322346432	15.1039283111443	15.5185300997263	15.5878639317585
1::P47880	19.8349341206842	19.5192563304619	19.2645951420018	19.7003381234979	20.5040533606537	19.7040917635229	19.8733426726477
1::P47878	23.0274872217478	23.2111162905284	23.0475770274122	23.1648307462832	24.0871341609439	23.2268251495041	23.3529781370906
1::A6X935	26.159507971162	25.609149511414	24.990883173609	26.5664845579638	25.5240184141581	23.1619873310995	23.9635102347244
1::Q71KU9	13.1704815208073	11.9965012385914	13.2159928780649	12.1050838746101	12.5025849549273	7.87621849480577	7.81911713809
1::P29788;1::Q8BP99	22.4332699979548	22.3161284632521	22.8049362430926	22.3745367907576	21.9770551786782	22.0821873825734	21.9842511941876
1::Q8VI78	18.097727259707	17.5355466557148	17.9768538927838	17.6700221877042	17.400053441695	17.5048213577349	16.8958403263102
1::P11276	27.1225236235167	26.7688430302603	26.588185069384	27.3288087978314	26.4314602709495	26.4395920488402	26.1890845561955
1::P07759;1::Q03734	19.8162624562974	19.3962076732599	19.783509546624	20.2676721641666	19.685457078233	18.9773784000938	18.573492521754
1::P50228	12.4052923931066	13.3111101367529	13.3607724970972	-16.7566827172237	13.6579118619399	14.2673683382603	13.9403296983461
1::Q61543	13.1865060954542	14.4536244851887	14.6850684381143	13.3723047839227	14.9191939752057	15.8218575177589	15.2303323461999
1::Q80YC5	26.2209570670189	25.6099096897888	26.1646708896465	26.0907609093825	26.6817294308727	26.4468482471648	26.4573004848091
1::P10126	20.1996650596994	20.4697308108261	20.2962887516922	20.0485087488702	20.1649373220197	19.9437663117664	19.9995735829125
1::P01867	15.1882212867092	15.6664168478761	15.098052779658	14.560461214565	17.3017387352125	15.4043963628565	16.0248330919249
1::Q07079	21.6432376291945	21.5884658911229	21.5647746598041	21.7352247733448	22.3119218271154	21.678745349567	21.7929693527318
1::Q91XQ5	16.5611686791464	17.2684495230729	17.2774181919814	17.2171289287704	17.5987307954514	17.8742473274944	17.8598876021922
1::P09803	18.2307025840294	17.8819909843294	18.4532432759367	17.9300792392826	18.3010342456631	17.1569237576292	17.4001381452968
1::P13020	23.5241822170641	21.5414987322809	22.7081479341151	23.0147306685571	24.9432761542344	23.1477612565176	24.1230561234019
1::Q9JJN5	24.6367499872821	24.5632597627121	24.3819951463548	24.1913349838065	25.4616811002052	24.977256962286	24.396626126475
1::Q6YGZ1	14.2687536904864	14.3545399174857	14.1738983918239	13.6477163419521	15.7450096509824	16.1674362275502	14.3617250711717
1::Q3UQ28	17.1841464185865	17.7175954158904	16.8107133932788	17.3391246889901	16.4708807318401	16.7576924092162	16.6778919425034
1::Q61508	24.6932710000513	24.6081565977854	24.8855645011108	24.7437077622099	25.4569134023346	24.8338661488604	24.9234234518037
1::P07724;2::P02769	23.0643097315918	21.650604795445	22.1361398122406	22.0615074278442	21.4269017062061	21.2518883108952	21.7935203099276
1::P17897	19.754961830909	19.4733970037466	19.7967809890819	19.8667909906777	20.1193846594168	21.3460415306235	20.4943922001008
1::Q8K182	20.5573632426071	20.7809645171264	20.7157614687492	21.2809304180826	23.9653084163023	21.4264135047848	21.3441361016522
1::O09164	19.6637804319877	20.0310433087918	20.2770782433657	19.9576948710659	20.4551038381938	20.3795221771847	20.595179670011
1::P31240	17.2758726216799	17.472772785751	17.3391879938037	17.1214776623857	17.9141616702637	18.5240120406258	17.6125733099321
1::P97290	14.6519058400092	14.9142642855795	15.2162454971744	15.8520109331315	17.6487864510438	15.2815482123726	16.3987317396874
1::Q64739	13.4641194864121	13.8909040192478	14.0182242231866	14.2616468458903	14.5720933904309	15.0340801364199	14.4303724679809
1::P06684	17.8546386994917	17.125154121398	17.7254666854994	18.3402241672323	20.8201149915992	18.59393041392	18.1558522840273
1::P31725	15.1825788427959	17.0611391071009	15.7219486854695	17.7438047119767	14.6463954085353	12.5868229229773	13.0672766672026
1::Q8CG19	15.5338425391677	16.0169865098025	15.8101155979517	15.1847062487887	15.7139551959844	16.779025554335	16.8331780897357
1::Q4ZJN1	15.2133649839823	15.3524562321534	14.9594470628915	15.7658839755809	15.396212405465	16.4476047569531	16.7306817426959
1::P26928	17.7342793968606	18.3656277460919	18.5521776812546	18.1064337978255	19.4613291556661	18.1255807264309	18.7353057987426
1::Q61247	18.4945762503651	18.2831031568643	18.4570247879447	18.8032809864273	18.8797792997201	19.0070958699131	18.9806437478374
1::P27784	17.3449922583648	17.9673350327232	18.0882167993925	14.5703140277261	15.2193933633479	15.602504934119	16.1381857243527
1::P60867	15.9049670265331	14.6500770538918	14.7004320187713	15.657810576802	13.9076110600836	14.8371845936139	13.9424162066864
1::Q07456	26.8593902856931	27.118502062827	27.0886652420204	27.0397781163953	27.4212001040178	27.3238514061058	27.1906557674344
1::E9Q414;1::Q9EST8	22.2392873756955	22.4138559261654	21.5638812910419	21.6487366732237	21.1379935710528	19.585182484413	22.0774487828501
1::P26043	18.0986706425419	18.3366238374461	18.1668045157102	17.8506624139724	18.3396333214353	18.8986481361887	18.5805102730141
1::O70251	15.1867600706326	16.6016975777552	16.3481874408256	15.9016504248876	13.099002864301	15.0592161747383	15.7934503509118
1::Q921I1	20.4524745490777	18.8473330967595	19.4944254903418	19.5681306475736	19.484511673261	18.2410329407899	18.9898524071939
1::P47879	20.1085442492683	20.199406820134	20.1553421349671	19.9904133592845	20.2220786525726	19.563601383131	20.0769919817559
1::Q8VCM7	28.9868019215472	27.8849520214153	27.4682516011566	28.4985117841052	28.3926675406008	26.67779782367	26.925937332754
1::Q6ZWN5	15.4728412939512	14.4261546622558	14.1415334761144	16.3994782572463	14.3561210816621	12.7090517703076	12.6031455498221
1::Q8VDD5;1::Q61879	19.7651006729809	19.87185714587	19.4186302154152	19.3250047302713	18.0238666375773	19.1796154034624	19.3739995926681
1::Q9JHK5	19.7810121347175	19.8436045583005	19.3820790632959	19.0836566355425	18.52955308899	18.850543331151	19.5016596948205
1::O08842	15.1100954403049	15.5535788770955	15.6516717100319	15.3094410294018	15.8766598276385	16.7016714525033	15.7521464089013
1::Q03401;1::Q03402	16.8085525254256	16.7709747626474	17.1747526409459	16.9548809932384	17.4223199483948	17.7553800813041	17.0403011316596
1::P14869	13.1428650008145	12.6831231248365	12.7950835389141	14.9130500650919	11.8892127712675	10.878888811846	5.56617165143623
1::Q8R429	14.8118640685961	16.1521045939973	16.0161985532423	16.1356248718124	10.7220741019733	14.613201543962	15.7544701177995
1::Q99JY9;1::Q641P0	20.3114118032466	19.9684470402809	19.8237401459964	20.3130065424855	20.1267459657889	19.8586072420526	19.4349990429413
1::P42669	18.3513309569064	17.7915262049071	18.4099894336556	18.2389410571793	18.3772545944645	17.8197545968291	16.6554650059562
1::Q09098	18.7950332247479	14.2445916896328	14.9356621924184	18.8290729849905	14.2852701327431	13.2624447435604	14.3167831056511
1::P20029;1::P16627;1::P17879	16.2102588749523	15.9064510134029	15.9213957935185	16.2781583524587	15.5990634016525	15.2852598034367	16.0733359633366
1::Q3THE2	17.4152659820727	17.771965024229	17.5180268229736	16.8773353586618	15.7070128040441	17.322865767422	16.6817921194177
1::Q8VCG4	21.021008093775	21.0187428024722	20.9480702245956	21.1177586551974	23.7285890759641	21.1920092591486	21.0527531870939
1::Q9R098	11.4666250309141	13.1551541100931	13.2816538124788	14.3628410359283	16.5028687708587	14.1034629367848	13.5638624423626
1::Q00724	14.0104596893517	15.6265295466755	16.294827200518	16.5676462635862	16.4717782566744	17.6655388001994	16.4349413926521
1::Q60817	16.8675631606582	17.6021201674586	17.3015689210367	16.8280304596119	17.7907994013972	18.7983911576866	17.205145867185
1::O70362	15.1333717690766	14.9893472204247	15.2173091572605	16.2763442745935	17.8525536695083	15.5892945313239	15.8700197991221
1::E9PV24	30.2336773431009	29.52914766054	29.432560702353	29.8635168977985	30.2783392125245	28.3293291192866	28.6585777841864
1::P12399	14.5244136530842	15.2940632047448	15.3562417589766	14.9703062521458	14.7389720983655	16.005017624184	16.1559870997161
1::Q62446	15.6574545359144	16.4654674661926	15.7862149369725	15.5065366470881	15.6983842522818	15.0933281119965	15.5874760380007
1::P26041	18.8982526298649	19.0078225854212	18.0495966123621	18.5686949474692	19.5324359741547	18.3217065303404	19.5815961225383
1::Q07235	15.4880043039774	16.4965529368404	16.9579789455906	15.8353802759785	15.9723989187897	18.3217278866539	17.2660119761202
1::P97298	14.893278603487	15.7200980400066	16.0696720498737	15.2641042408865	21.1817716600668	16.1746306342786	16.1976469368301
1::O70165	14.9381560339461	13.9191828214988	14.3228301905973	14.7748908092833	12.3733581819832	15.9940576178424	16.1233141971498
1::P97333	19.5950434058946	19.7149258814921	19.7864404816667	19.646245437499	20.1460896123124	19.4919347112022	20.5333192694344
1::B5X0G2	16.4647132469579	17.2497634590802	17.2754045833729	16.7286984402513	17.0560411530702	15.6804198147081	16.7202748342519
1::Q8K0E8;1::Q9JJ59	29.4075548803012	28.6241448634412	28.5022450447695	29.1993665047377	29.4849162790392	27.4478963976186	27.8626731121141
1::P02088	17.1388378588035	17.3662069513143	17.7783662330483	18.0003830908545	18.0389394832659	18.5189261966646	17.7279349512459
1::P01029	23.1369699281114	22.8196471272011	23.4999114325786	23.4394860896032	23.8592730319162	23.5460926540983	23.3256287705074
1::P70389	12.8870362593171	14.2275708618622	14.1982443570531	14.1937595450992	15.6380332319906	13.2522116049197	14.6204100950558
1::P61161	18.7183814971622	18.6507866607399	18.3236051221315	18.6594476532401	18.7893344803918	18.4468042340637	17.7950260259831
1::Q99MQ4	16.243550106571	15.9758369137467	16.4993703282972	14.2966217911801	12.8503486676561	15.6440517448285	15.259393900426
1::Q9Z126	25.1804218722628	25.0734713083022	24.5499764437104	24.9075897278362	24.7060936493586	26.5899470783883	25.6532297482334
1::Q61702	27.2208350304793	27.638611371746	27.6280692810551	27.5158515642469	27.4917331771985	27.3682385539111	27.0682786593253
1::P06728	16.2800640315636	17.6955233816666	15.5576613260425	17.4867029813573	15.2477510558933	16.2096032115961	16.3911737584124
1::Q9CVB6	18.3022986046044	17.8249669677345	17.3487641394294	18.1126796015005	17.9723005117261	17.7551242035236	16.6843513792406
1::Q8K1B8	18.6429699450922	19.0742143034787	18.9298799876763	18.2614073060445	18.2181087385718	18.3615039211418	18.6637476437308
1::P15864;1::P43274	17.5300853036983	17.1711917258766	17.2215500905548	17.2041970657107	16.4692595754449	17.2216988953594	17.0258475394818
1::P11152	15.4422696423199	15.8853425365192	15.3712570690692	15.3764500520855	15.1133765276529	16.0996200152947	16.5857764240737
1::Q9WTI7	17.0689093933183	17.3786055920356	17.7469847225728	16.6138621579675	15.4257962753667	17.0779903114635	16.8692984725
1::O55226	11.4886868503927	12.116846226183	12.4025868081219	12.6749753113843	12.4415737230539	13.14495485116	12.5090273387232
1::P39876	20.5952447613162	20.6394305677244	21.1400584266925	20.2376067132204	20.33792431456	22.0271035592089	21.6645329171602
1::P59999	18.2500372928662	17.9682458120175	17.4088108702945	18.3065320674945	18.1425314244156	17.7825421268514	16.8916410271151
1::P62631	17.4616123009672	17.6673416045638	17.5200034382046	16.9850388158078	17.1220013287819	17.2123105126129	17.2436766466118
1::P01942	6.60829434952329	16.606687090783	16.1162187504932	6.03712168905083	-16.1166899672482	17.0954807640766	17.1215410162041
1::Q9DCD0	16.4517489965667	15.7040747802109	15.4554575095157	16.1480193781808	18.5149263709164	15.369367211917	16.0835403579625
1::P06909	21.3373690020628	21.0726148360116	21.2280190476517	21.5276032348186	21.4976159363614	20.871284051541	21.0199188331857
1::Q8QZR4	19.7676619510571	19.6369835628486	19.6777751796226	19.7912553768524	20.1741079709977	18.8304081367466	19.4543829165088
1::Q61398	20.0567758694763	19.9245581941577	20.1074994683657	20.2051555560151	20.5757053898154	20.1518708877111	20.0183280137858
1::P26039;1::Q71LX4	18.2305261064011	18.228107921606	18.4304692635834	17.47415653713	16.5516817992922	17.7071328267644	18.1995339077253
1::Q9JM76	16.9204529536811	16.5603970675767	16.1759144489601	17.0510867603504	16.8309548530333	16.5029950652949	15.7417035959521
1::P62751	17.221036060473	17.4620628418303	17.4736933622111	16.8730979173395	17.2294334018111	18.0176566806936	17.5572401856931
1::Q99PP7	20.3718968909997	19.8744278903013	19.7480803586932	20.2738205549734	20.8118371839174	18.6560356666264	19.3433637899198
1::P04186	21.0392835341601	19.7490168262074	19.7360508598921	21.1712703555013	25.7494403548647	20.0643699041978	20.2303667084151
1::Q8BGZ7	14.8904480662336	10.0676535912927	13.8851171786147	11.50092231506	11.5424702632111	13.8881906637386	16.2615207226569
1::P35441;1::Q03350;1::Q05895	25.3614011979124	25.3658334992133	25.4855489359947	25.1515651233578	25.1293395270629	26.6543916750139	25.7034441559575
1::P55065	16.8277691656324	16.517648121556	16.1239018467357	17.2834913548062	18.7163146530793	15.9151392659648	17.0258643623604
1::Q9WVE8	14.5339350233059	15.6672993460634	15.0778060715562	14.6532353134143	13.072959798096	16.8577512243857	15.628811684451
1::Q61035	15.6164386304203	15.5268857237398	15.3613286721695	15.1160573107406	15.4440297729335	16.2110569516808	15.4205998887549
1::Q61147	17.3317023893175	17.2308878812582	17.6000333243138	17.5476529413858	17.8453213958264	17.0433207594721	16.8409902523995
1::B0V2N1	16.7620166132923	15.746889940548	15.8941941758723	16.1737484279392	16.8277776651821	15.5808328206893	17.1519082754864
1::P21981	16.2557850790166	15.952518963536	16.2958517570905	16.6765516829842	13.2616627249476	16.571482997406	15.5496368776386
1::P08226	24.9638777198484	25.218351048989	24.3850974448257	24.6713458816725	24.4682068401705	23.7949104936	25.223327390212
1::P39061	13.369876674606	11.8681094234104	9.45974223147928	13.3478090559232	15.568132661343	11.533713457231	12.0808981920897
1::P26040	16.2618301389376	16.9482651462326	16.155896801662	16.2399618096058	16.8551062583577	16.342144329919	16.7695789406268
1::Q9WV32	19.7050644413962	19.3521647922249	19.1692527220209	19.6516253529748	19.7957159567824	19.0311455231174	19.1754483238327
1::Q91WP6;1::Q5I2A0;1::Q80X76	19.0763772597892	17.8590167703558	18.6989352626695	19.6512587742406	20.3346451954256	15.4781199423216	14.968891874442
1::P97855	15.3625377757098	15.8161956057093	15.8310670500232	15.2917743226382	14.863819137169	16.5180804341245	16.1502562274237
1::P41317	19.4660417955929	18.0363458308759	18.0639803311406	20.4368300938049	19.5080766805702	19.8773448297612	19.8248928646187
1::P29621	11.1674824789371	10.9403628090443	11.2395561429232	11.780531673985	14.3521424515668	9.74886297411193	10.4553223905442
1::Q00896;1::Q00897	18.0793829096719	17.1453903767626	17.4611504528159	17.7334467724326	17.1810591367624	17.4774539750389	17.4474318748279
1::P08607	27.4508245426527	28.2227668212241	28.0823327964495	27.7449957378726	27.0177967357004	27.8811177366781	27.8775946659886
1::Q64514	14.2107497649107	16.7649745547434	14.9940714930926	15.6391264650276	15.4943302232577	17.3308694610807	15.6800756953841
1::Q9Z0N1	12.894238911128	10.568599895213	9.09566036534891	12.0580129996208	11.8852643974201	12.0471249062131	12.7669135950069
1::P29351	14.3878240942301	14.2551005026028	12.9174920353237	14.6034794774826	15.334455223511	13.499640608449	14.5466176179562
1::P27773	20.1545699952788	20.2984217242324	20.2186211286993	19.9752833720047	20.190026683699	20.5480321193803	20.3414602743412
1::Q9Z1R3	15.8724489150609	15.9369247706109	14.6287224557196	12.8097418477322	16.5072369136804	12.3356337688845	16.5969363225546
1::Q8R0Z6;1::Q9R045	17.9427180061514	18.3525418732575	18.3879413185644	17.6354297491069	16.9544105626252	19.2222790715067	19.2729589040184
1::P51437	18.9928921867231	18.9505303539356	18.3576506128675	18.3851073830575	18.2008645558606	16.7334125894169	19.3336151930666
1::P22599	20.5562744984483	20.0467450171258	19.8408049489398	20.2025321137402	19.8867227205642	21.2954595059362	20.5259813442293
1::Q8K0D2	20.2255929022013	19.6049808036443	19.8174180010485	19.7844765480242	20.0141557316808	19.7426573300814	19.5197357961711
1::P80317;1::Q61390	15.1324625806424	15.1464225842995	15.3373056062677	15.3532023933133	14.4107536604837	16.7312602435018	15.2413510012847
1::P62827;1::Q61820	20.5289225090838	19.9947657800025	19.8390052021496	20.1532892470211	19.5164951003107	20.4431332811411	19.6262452221724
1::Q99MN1	15.144607506572	15.3555534620834	15.0087764369286	14.6540056329957	14.7470220354275	15.6298467844959	15.3441421629475
1::Q3SXB8	20.0712726378802	20.3994429659534	20.2784890952799	20.246278529276	19.9818699442299	20.9405713141493	20.774033956175
1::P01837	16.926113698728	17.0896899246386	17.288267169551	17.7931376895212	17.0082220010013	17.5753207095407	18.2420233924927
1::Q6P5F6	13.5524863350814	14.8121078820825	14.4292551534588	14.595945935639	14.7410336791327	14.2714668046472	15.0182331211903
1::Q3UHX2	15.3172266292502	15.8143741044503	15.8283944018242	15.121214504042	15.016172104316	16.6690121088823	15.6314705656069
1::Q9ESB3	28.3807749633314	28.9382492370385	28.9480898735331	28.4993970261236	29.7031738027855	28.4683463063924	28.6958837697403
1::Q05117	17.5842912378426	17.0938796357072	17.3681852670383	17.5755008181772	17.7739936753741	17.1431090311187	16.9797351339214
1::P28665;1::P28666	20.9932526193018	21.5362286209516	21.1119650231444	20.6895378443104	20.8902298163669	21.5147794349726	21.694045201331
1::Q60605;1::Q8CI43	18.546368884403	19.2073486190866	19.1197487853268	18.3153564183415	17.0055388742459	18.787785346628	18.9741671865272
1::P59325	16.511840667443	16.7080264905395	16.4772950881292	15.7740269309582	16.0477011574041	17.1793055949038	16.5688197579108
1::P19253	14.5362927691948	10.2373024149077	-16.6228713267576	15.0662201140954	14.6164589704455	9.52604565660881	-16.5915400959584
1::O35451	17.0427917025809	17.6392465045275	17.1353970640181	17.4721686092366	18.0434228843404	17.4299844636091	17.0485386378513
1::Q9JKF1	15.9852569391157	16.324921319283	16.259545261936	15.8859459630439	13.26405319084	16.494620401589	15.6283269075747
1::Q9CQJ6	15.0673330517095	15.9301183855816	15.4983444594837	14.8546630518876	15.2598731953588	16.1997134266405	15.3677346991488
1::Q60847	17.1681419864226	16.7266626534399	16.762253058915	17.3746502479594	18.0894374104685	16.6545454913859	16.9440252073548
1::Q00623	14.169998212292	13.6326969368725	12.9914846016709	14.8986034792267	13.4249230341039	13.5161906067316	14.0159679833839
1::P24369	17.264210224417	17.0895034707463	17.5930169509536	17.2937593266875	16.8188114677592	17.3927597008239	17.1058097591267
1::P19221	23.3632818601081	24.4324850950385	23.4293878207355	21.6866083633898	23.1325241667919	24.3355973554565	23.6944422288143
1::Q8BH43	14.4755875010165	15.4871325376974	14.8899258519448	14.2633305644963	14.3639519016311	15.4709144206994	15.2372829791448
1::Q9QWK4	11.7606903207589	11.9610535571737	11.152040880882	11.4699503536572	8.73485591728431	11.4015270913039	13.29799097574
1::Q8K003	14.5607596098742	15.4783994316166	15.5086575446551	14.1801220922162	15.1779162855416	15.4281900486941	15.2104252729876
1::P39039	16.9742199204833	17.0274420438363	17.0560268389874	17.7670321746363	17.9831594987661	17.1651670115787	17.1813863565483
1::Q9DC11	16.7678163668818	17.008417245016	17.1746564018756	16.8668008153373	17.0789107401264	16.4762709245285	17.8835816032106
1::Q61268	17.0662712470179	17.7175622455889	16.4830757598111	16.5944454872169	17.7053216505503	15.4908322956976	18.2716066045063
1::Q61838	20.3273535547424	19.9215730611254	19.9954964809445	20.0298326304895	19.9357441295002	19.4672131069283	20.4304007876725
1::P11983	14.067027423142	14.6191690768513	14.5879203460393	12.4095039298608	13.8716852506444	15.2972308535624	13.7455207298317
1::P26645	16.1437387569951	15.7383790386668	15.7099393802712	16.3831598247589	16.3949735627669	15.139095315982	15.9704328263583
1::P62908	15.504957890832	14.9010739931083	15.1784925302631	16.1376577657725	15.0541320443869	15.5765846385239	14.9560328530868
1::P40124;1::Q9CYT6	18.9008251860078	19.6013965842966	18.8505907528921	18.6388000580778	18.4264491020343	19.2435577355943	18.7067513227154
1::P57776	15.2441435216934	16.0507010085163	16.2332283377168	16.4068069653573	14.4500863201691	15.9604951497218	16.1805410360477
1::Q9JHU4	18.8332861074973	17.8521560900429	17.681777759191	18.7811627903212	19.3877246552201	16.7983494213889	17.3728938586441
1::P01592	15.3756945054239	15.8955891200585	15.9030445320603	15.5328591416195	14.3326428812746	15.8939857312956	16.7712244539105
1::P56716	18.8837895160566	18.5028415420969	18.6944185383093	16.7498679196398	18.5021151200856	18.1658800992466	19.0517323000777
1::P31230	14.7144614379674	15.3371828908095	15.2304487648638	14.7566926568543	14.4294724588414	15.8960388211324	15.0341083393781
1::Q8CF98	18.6692109489926	18.7313395213514	18.666729561496	18.9488040701856	18.4621341395925	19.384081971005	19.0059209286027
1::Q8VCC9	17.6081932774357	17.6443661653002	18.1675223841372	17.9346477846774	17.8005451583571	17.8783748144644	17.5191697687146
1::Q922B2	14.7442657685017	15.0059779832593	13.3638782908909	14.9605049370505	14.8937634757159	15.5506301390734	13.8942050241899
1::Q6WVG3	18.7368020646965	19.1098375494645	19.1089347120437	18.9275553634306	19.4052830710974	19.0727027555468	18.7666386192327
1::P14131	15.2905335806919	14.4332177670582	14.9751721207807	16.2347723485488	14.8815788088161	15.7155577844171	13.839045707765
1::P80313	18.6589479779779	18.8195507352299	18.9576572689996	18.4923067139692	17.9278428589459	19.2054532796917	18.3493063815481
1::Q9D0R2	15.3374231674924	15.7920637495149	15.6808342111975	15.3498919839877	15.0542867666478	16.3007014460517	15.5435154979165
1::P16858;1::Q64467	16.6166360077142	15.5890850613621	16.4688100357859	16.4969756009171	15.5458483507322	17.4428689690531	16.2208668723044
1::O88947	17.7502748741937	18.1384266484797	17.8131584867714	17.9190859478412	18.0149557034268	17.3608329735224	18.0958572493963
1::Q91WP0	16.2891756361621	14.6220101533331	13.6391097956426	17.5830053520899	17.2630287199626	16.2944871642939	16.3537297679142
1::P21180	23.902496809136	23.3518826335071	22.7711342749573	23.6820705157301	24.4516708750646	22.4495540342689	24.1823801665044
1::Q61704	19.6291000669169	20.0587078974987	20.522056974452	20.6809532039143	19.1652357891943	20.2788554256748	20.5364821701429
1::Q8CG14;1::Q8CFG8	20.14632056061	21.4869092444516	21.3456298744467	20.7055633087724	20.7557849952804	20.819935998963	21.959417962588
1::P42932	14.9215648197988	15.2045626314082	15.2067421133074	15.1596278716408	15.152247740197	15.9332106298851	14.4802548383904
1::P50580	17.4883129220816	17.3416926644437	17.6451941965673	16.772944119937	16.8026449030693	18.2519480070246	17.2432979884042
1::P60710;1::P62737;1::Q8BFZ3	17.90291996924	17.6429273878347	18.066008789883	18.5350670249452	18.39186146692	17.9269785321664	18.2626489788568
1::Q9R182	21.1748612332233	21.5237362002353	21.3643741232887	21.1668028314993	20.788987074856	21.828501113743	21.8827477687987
1::O08538	18.6223131795029	18.9899450705025	18.4522809052432	18.2105036553663	18.069512125012	18.8572619157753	18.405105219091
1::P01631	16.181364605039	14.9966563936152	15.2150996102376	16.8001253110093	15.1068737635576	16.26554730791	16.7347070640695
1::P62264	18.2490168860548	14.3657038756391	14.605969788401	17.7435936748856	17.9116194186594	15.9494085390349	15.3232803810994
1::Q8BND5	17.1612415247184	16.0243372211854	17.257702787125	17.8244148269351	16.4558211133483	17.2114457959576	17.1712649461461
2::P00924	23.6637889651841	23.9278384226906	23.7732213732404	22.459029416496	23.6060148648065	23.382869048033	23.8402231883688
1::Q9ES30	17.8484175169804	18.5496722700751	18.3629476928111	18.1871619090924	18.3825932485545	18.0218486137001	18.2039585513207
1::P51859	15.0897587463172	15.8718054910536	15.0408459750768	14.7105502512236	15.5716097345234	15.172652314438	15.2852598738183
1::P06683	20.940134000863	19.9811752566927	20.8866830175229	21.6067463094255	20.865105244154	20.9544404411401	21.2987984556526
1::P33622	19.0634980583581	20.634602906508	17.7587122187445	16.6829800340453	19.6952318506834	15.7559208586597	20.777272474281
1::P47857	15.7064741729871	15.0831161945417	15.3996442557533	15.259662189085	15.8964173212918	15.3601759349414	14.4756062197955
1::P58252	15.3024143655896	12.5138380419983	14.3712365800182	15.2222031936027	16.6778555004621	13.177034785428	12.5155569266848
1::P62242	18.001104965041	15.4849621217432	15.6973535225415	17.6179742272132	18.0744334593872	16.0325963128471	15.6314394989432
1::Q6ZWY3	14.411239669282	13.39486108814	11.9466094235627	14.9527079080224	14.2276268580157	14.1501933969159	13.0038324792422
1::Q8CG16;1::Q8CFG9;1::Q3UZ09	19.5612137072433	21.4504331404974	21.0147486317792	20.0333500646985	20.1592713113316	20.1022749046955	21.9956805386888
1::P63158	16.8297102086537	17.1701702238411	17.2017691473492	16.2305244581033	16.7202861119522	17.3356543077913	16.8045111825697
1::P14106;1::Q9R171	24.7933083837579	24.7466016431625	25.168145157892	24.9202027308569	23.3288703935887	25.4582727265558	25.5029161562737
1::P98086	24.8828000026722	25.2197843101525	25.2855966446187	25.0243556692666	23.2364529713327	25.7884068699547	25.7879102339202
1::P62245	14.1765676118997	14.0896332742623	14.4277779867981	13.9412344773368	14.1005598293671	14.7951812595396	13.5995694386163
1::P25444	16.0831350758127	15.3180846466121	15.7243743252133	16.4752210068407	15.2216739446965	16.8855252102047	15.5853466899741
1::P63005	18.2811199721596	18.3488632139	18.4730619655654	17.983616401571	18.1234005305453	18.7823080026481	18.1429343391765
1::P46412	13.5175795800001	11.499706447793	15.1859802575229	13.3044903251106	14.9477983505331	12.664759479193	12.6599117606386
1::P56959	14.709232193218	15.7468411192936	15.8945251420292	15.1937713123503	15.224666304874	15.2697200759559	15.5755632616192
1::P29699	19.5246107029755	19.6600384423884	19.8546394479262	19.8770983996666	19.2534918892586	20.0939951579137	20.1861389243182
1::Q8BP67	17.0760934297108	14.8769269927567	14.7052584238112	17.7177238326176	17.8600373530115	14.6232789696348	15.2477675001367
1::O88783	23.7399553514578	23.7827241176659	23.8162626200156	23.7629894062375	23.5285772170453	24.0404352930654	23.7019420091175
1::P52480	15.5157382487161	15.0847521583008	15.4143422233985	16.2124890861258	16.062465089721	15.5397594818372	15.5921013509333
1::Q9R0Q6	16.4200256006037	16.5764882452614	16.164627619966	15.9147962675869	15.8313045364642	16.7441380118263	16.2587965432339
1::Q8BH35	18.3245334023184	18.2546745445198	18.6329678209775	18.8505379038362	18.8668350506146	18.4198500746637	18.5100127235188
1::Q8BH61	21.2759774511599	20.9078087682313	20.6145903749252	21.4272920329834	22.0566908192995	20.3603150375772	20.5518810651403
1::P34928	18.6500359894589	19.0495481419561	16.7986673041451	16.2365929780436	17.5898754020156	15.0251782620249	20.1006283813885
1::Q02105	25.2753015603603	25.1146226967922	25.6068450442082	25.382274279881	24.0533603829972	25.8366953372059	25.9074544356655
1::O70172	14.6982542310515	14.9223527141723	14.8805831728409	14.5103329047803	14.7675231641818	14.8715226401592	14.495015576748
1::P01872	19.9468248642553	20.1784852858516	20.2501180115274	20.7282793276992	18.032711667374	20.594070198216	21.4906788113254
1::P51125	15.571962588407	15.492803640835	15.3041127770829	15.4498942244906	15.4305960322666	15.424645336553	15.5920650907115
1::P20918	18.3058496245966	18.2021725772199	18.3273417394662	18.4598797912224	18.5247194452555	18.337176638466	18.0990463529081
1::Q78PY7	15.3661776933664	15.9310179487691	15.9440424741443	14.5232343464964	13.6288390890898	15.9596934453604	15.5111045326611
1::Q99020	16.3930492038401	16.8583231993159	16.6731025961871	16.1045685246886	16.6912811359236	16.7046168129022	16.3082372604277
1::Q01339	21.1892433388578	19.7827309356524	20.305527874198	21.7315279886068	21.7279250091317	20.0361598404848	20.258643419328
1::Q61129	17.1346068136774	17.2573987439667	17.6107097232487	17.9881305476309	17.7928846129597	17.1853955007463	17.8193813336258
1::P40224	15.6453631320934	15.3628134189813	15.8112904688883	15.2773846881495	13.9730433246534	15.79078673081	15.7601046160427
1::Q8BYK5	14.3187468904717	13.6378561579565	13.5468846361031	14.5348319744613	15.4472202741035	12.0294761050666	12.9265068184734
1::P26638	16.069422796231	16.9066260779537	16.0219368628866	16.5504019587104	15.6160118758841	17.1381784494615	16.2123617227104
1::Q9WUM4	13.0034220961179	13.8756307776543	14.2094319598701	12.9675073359495	13.2979728642338	13.0309359108454	14.334027059464
1::Q9ER72	9.92333862362263	13.4303195067037	13.7429407192677	13.4393265039154	12.3394701245796	14.2601319588212	11.9017013101821
1::O08677	26.7829141066486	26.954728560393	27.1926407641488	26.7855808792717	27.281421144698	26.7584225156167	26.7982290608418
1::O88968	19.8833578298903	20.0523756089932	19.0338057089377	19.8000325548586	20.8051437515916	18.3230602724448	19.7370080815819
1::Q61703	26.9107721112522	27.196409663587	27.2258257950251	27.1414593037493	27.5182092829258	27.0773098436492	26.9335203345874
1::P80316	16.6134288707066	17.1601535796794	16.4757516304098	16.2097681121531	16.2635363441237	17.2526257116745	16.2782823969822
1::P61358	13.6236767054026	14.4316845676006	13.500026948274	14.2613376197392	14.2391702408279	14.054953238616	13.6557746416547
1::B2RPV6	19.6197111374674	19.8318082317969	19.9382566267573	18.668175100345	18.4065732485343	20.1160130564526	19.824299100283
1::P09405	16.927305805902	16.9546505782372	16.6776093675938	16.3942567237648	16.2609993283056	17.0208298405576	16.6979060892027
1::P80315	15.3223263799674	15.8074925303159	15.1217048677897	15.2165037868059	14.9338642263865	16.1692071766565	13.8709910696185
1::Q06890	20.6386235943699	21.1147150419333	20.8889764897316	21.1811125111698	20.8752905695628	21.3772887912458	20.7836932222114
1::P11031	15.7985592499986	16.0985802970468	15.7326979290059	14.7680926523134	14.3679551211668	16.2371823798093	15.4022095076941
1::Q91Y47	22.6224177524623	22.345244535577	22.4663703294341	22.5989966586941	23.1370232691281	22.5431427172959	21.9826739203306
1::P63325	14.8759713347154	14.8217814349323	15.499861879961	13.7175626716903	11.9988977594143	15.4471794071703	14.8389697676249
1::Q8BP47	16.1711403897314	17.3110569619804	16.468871084743	16.0105586770798	15.9747859824455	16.6738371807927	16.8857929218412
1::P08071	22.6948881787643	22.6014463079894	23.0493070259986	22.5972021997787	23.1917207395362	22.5777843355579	22.5526333511054
1::P43025	23.3886147777169	23.6437356075344	23.47989871147	23.6364012822709	22.7870732092431	24.1873702799419	23.6782901886244
1::P62900	15.4980980796006	14.4647939926095	14.8657351446718	14.4587372982142	14.727959398121	15.7401146313565	12.9742606126137
1::P80318;1::P60334	16.934380298977	17.056909432456	16.5661292970555	16.2221565868381	15.9118353354451	17.3324845022667	16.4974374088242
1::Q9QXC1	13.9794054620165	13.7170185145504	13.8820749736946	14.8345025654569	14.1847743726615	14.004636897545	14.3359549495564
1::P80314	16.2641640135505	16.8576897812778	16.3886782166614	16.2607269085326	15.1530195538768	17.2218179362183	16.1709018446737
1::P01027	21.2874929314522	20.8369280036488	21.6016666226865	21.9715749837795	21.5619985950728	21.2989484500911	21.4875380040616
1::Q8CGC7	16.3696170931635	16.4775170961031	16.5591264824835	16.2778032957813	15.5689378144479	16.9076624401583	16.3708046923555
1::Q8C8R3	15.8387428017286	15.0108101584579	15.1982842088174	15.4071765297875	14.8962511681807	15.341269466292	15.7248189528584
1::P51670	19.1200291794348	19.248605812087	19.3802140300676	19.1945965223476	19.5802785224566	19.1140350789592	19.0824764546705
1::O08638	-16.5384172904962	-16.6746509412881	-16.6228713267576	-16.7566827172237	-16.1166899672482	-17.1421273728358	-16.5915400959584
1::P62918	-16.5384172904962	-16.6746509412881	-16.6228713267576	-16.7566827172237	-16.1166899672482	-17.1421273728358	-16.5915400959584
1::Q6URW6	-16.5384172904962	-16.6746509412881	-16.6228713267576	-16.7566827172237	-16.1166899672482	-17.1421273728358	-16.5915400959584
