0	1	1	1	1	2	2	2
1::Q61805	23.0602876985591	22.8713466410863	22.7168938988088	22.9298324724819	20.4924706239511	19.9588343298519	19.6908738206822
1::P05367	18.6875715948265	18.6888295205522	18.218894325756	18.196394980801	11.7141143278785	9.56776457046616	12.0272208624005
1::P05366	18.9961937561893	18.979732331179	18.5015395233954	18.6667565452782	16.0006335802202	13.7750799757684	16.2095256931374
1::P10922	13.6489201390496	13.7825671533594	14.0519445071778	13.7847604726989	11.3220098455534	11.8701904623984	9.65758976973322
1::P05017	22.6377604500051	22.4441122868956	22.4825629244289	22.4305307647555	23.6422373163309	22.9984958818937	22.9601577497424
1::Q8CEF9	10.8158764459412	9.35566593860667	10.3547022272246	11.6277428721091	13.3862431048965	13.4263623794703	13.8134030320919
1::P20033	14.9791883239513	15.1027981394232	14.9701100695597	14.8077802358703	16.3914759255985	15.8552642876853	15.9769662782697
1::Q61646	18.267344540101	17.3110071794687	18.3437104546719	18.0959874666322	15.6832020550634	11.5220665297257	13.7214035403921
1::P47877	19.1464259564181	18.7964523251937	19.2607503451085	19.1941213092678	20.7548679660368	20.0787189892962	20.3653732081438
1::P48787	15.695343381343	15.9309121640135	15.9476658438443	15.2569224927579	14.4412211168461	13.4872595773731	12.4398770734436
1::P18419	23.4008935907221	20.7643723938095	23.3838348736252	23.9200446037725	17.3685808492228	17.4189569753658	16.4552585651721
1::P27656	19.5703226581172	19.4006772124112	19.6028942986788	19.4244726267883	20.8182413680621	20.1968328078744	19.9841753364764
1::P98064	17.2888736975503	17.4453210299809	17.7058056439611	17.6208421385744	18.5990872436082	18.0696219963371	18.5671045808249
1::Q9DBB9	20.7607157854992	21.4465359661152	21.4088079388566	21.4215801485946	22.71216161646	22.3849126081165	22.0155763507076
1::O08692	18.9580640988135	18.1187701323901	18.2764678289413	18.6757626096745	17.7327659763564	15.575293408535	16.1577836534042
1::P21570	20.1845945702672	20.0251394375822	20.2782686610179	19.9637078350604	18.7059125097641	19.1029786939513	19.3406164818898
1::Q8K0C5	16.781782794087	16.1021298218683	16.9369716038845	17.2711200853914	14.6151253495785	14.3228535041364	14.4827780708735
1::Q61581	18.183754636264	18.2881327544641	18.5305060690535	18.0666339421021	18.8964590852847	19.0263751190017	18.8965913361413
1::Q9DD06	20.1097828714193	20.1984006142021	20.1728487388015	19.9695384633171	20.6409768970905	20.7591047071051	20.3153035977835
1::P32921	16.5748648072013	16.1794539481798	16.1110458840896	16.5602509642609	15.7232895016755	15.462772975022	14.9912266272638
1::P50752	16.942373055607	17.2918748374332	16.6345009789927	16.2464186276728	16.104888327835	14.4765664443316	14.6771975090444
1::Q6ZWY9	19.0050923773777	18.6030337219148	18.931788531594	18.6580327728845	18.0515822815523	17.8796087343287	16.2494565703263
1::Q91X72	16.0450553711114	15.4138226226294	16.2180314969623	16.1920948481976	15.4468412701795	14.2533297216923	14.7808879463987
1::Q62151	10.3867560935438	11.0906800852111	10.8150027460215	10.6961271796727	13.9741413571918	15.3170175813941	15.2727000331225
1::Q91YW3	8.38188435941433	6.93771360588638	-17.4317453808745	9.91266264805817	9.79167269756129	9.76613810241983	12.4930863892727
1::P05208	13.62340308124	14.0999758161031	14.4946857283128	14.822806523048	9.36008684995902	11.4879560243928	11.7559063649817
1::Q9JKR6	18.063694867308	17.9715068131394	18.0185883370583	17.9635015046087	17.5284740264609	17.6079515191229	17.6765677708042
1::Q8QZT1	15.8503260380248	15.4986397907931	15.7994174023119	16.1992575573698	15.5939701145123	14.6298921305662	14.0861189099864
1::P48678	14.2233512991099	14.2382852068542	14.7180745223207	14.3573958452405	15.7769745834308	14.4892470082534	14.839803834155
1::P70274	18.3371082941452	18.3366473447722	18.5668611093594	18.1057551923679	19.2639641113455	18.5615352689268	19.4093181208425
1::P11247	17.5312160132399	17.1326278727222	17.5370570440997	17.563383112971	17.5463522108147	16.3253056121694	16.3895465878621
1::Q64487	18.4419361497411	18.6718592969874	18.9181917207362	18.5164610682089	19.1526393381551	19.3425701178125	19.2631468239447
1::O89053	12.1905510654169	12.2038508866365	12.5845685498562	12.7513294433198	14.9594785283747	13.1605838069865	14.0105817770108
1::Q99PL5	14.2049514122471	13.6252189408836	14.6543528762468	14.5118213936395	13.285407051028	13.2415648011259	11.0037158560038
1::O88803	15.9439272882971	16.1711200007637	16.9419420481124	16.5554213892089	17.4237904644781	17.5020203070074	17.5892837028636
1::Q9JM99	22.4813305142698	22.4585779225533	22.2701060476036	22.4060610004936	19.9319628559516	21.5425718004692	20.9090363377737
1::Q62009	18.585943674536	17.8703021633098	17.4256510064527	18.3474595027169	19.4838163797897	18.8143883001002	18.6614099327853
1::Q9JJH1	22.7519377315646	22.6906228108095	22.9324499926622	22.8718203597521	22.1078429939033	22.0256204181623	22.2472733449327
1::P26262	25.1199163145785	25.0053562628023	25.2797121604169	25.1348392494994	26.0367209542347	25.4984157978599	25.4076655451688
1::P97430	21.3764596083759	21.621552481819	21.5782041400205	21.2560859815033	21.937100749385	22.2593270881581	21.5915077325467
1::P31532	18.8465796724993	17.2410270761592	17.2759335638832	18.0895697106627	16.7559868153408	15.4794748940909	16.413873048258
1::Q8BH64	15.3090821064176	16.158754467932	15.7224494143792	14.8968529803361	13.1720088979388	14.532959515012	13.2887646743669
1::P0C0S6;1::P22752;1::Q64522	16.7187104379425	16.0165772330648	16.3879543213267	17.0545527465358	16.0242648380668	15.5340881194523	13.6614605554434
1::Q8BWT1	16.3858640773212	15.7015158943832	15.7834769343012	16.1317835521379	16.1394502870074	15.0494745110259	13.9935526984949
1::Q9CZU6	19.6927970760095	19.5729137449695	19.648206568397	19.648847272229	19.5345959785794	18.931554732885	18.0159892238566
1::P09535	17.0507067901721	17.6161974662325	17.1596609024458	17.1427394629967	18.4828212973988	17.4728746323294	17.6335826519698
1::O70410	19.3934509543903	18.4566203136804	17.135014933307	18.854595051424	16.8144565606422	15.3593651294518	17.3380677763507
1::Q8BK62	16.2737595097567	16.5438835068501	16.8174526343837	16.6019014309869	17.3895489806545	17.3466125457597	17.1177928795662
1::P32261	29.6610808226148	29.3700793590618	29.2415738098919	29.1661814357043	29.6232470652862	30.295507212702	29.9326507690983
1::A2A8L5	17.9055283105423	17.420371465799	16.9782116285731	18.2798196249536	19.4918864223833	18.1363826801761	18.6032675328058
1::Q8BGD9	14.5615083225058	14.1669527486629	14.1260482788842	14.3283053375841	15.0103189411936	15.0729989131679	15.1011322234006
1::Q8K1M6	14.5078418673033	14.8296235317586	14.2708249565266	13.7922438315128	15.1397723464022	15.1694940841359	15.485173892735
1::P47880	19.8591889232133	19.5908778968692	19.2932488806136	19.6930741828356	20.4276308373735	19.7986970264966	19.8388961846352
1::P47878	23.0756675584589	23.2658087985643	23.0839021143862	23.2089697294401	24.0714916588536	23.1646997010479	23.2383804525887
1::A6X935	26.1517191742981	25.6295908204692	25.0291802344915	26.5883216968498	25.3792797062578	23.2122593042686	23.989556907738
1::Q71KU9	11.9438973377	11.1906150685892	12.7550158736327	11.1631270563067	11.2886567524269	7.61221317147907	7.73169804069408
1::P29788;1::Q8BP99	22.47767151797	22.3962998224167	22.8607384927094	22.4520030806763	21.958041758894	21.9984941249635	21.8095574163975
1::Q8VI78	18.044832109155	17.4941611656562	17.9677654916656	17.6661683260243	17.3744857694604	17.5027510187965	16.9397513209668
1::P11276	27.0687784681585	26.7716022589339	26.6327059796351	27.3301697024642	26.201123037359	26.5196804909936	26.2857020000402
1::P07759;1::Q03734	19.8357668469017	19.4571044275925	19.8107003078124	20.2674000529574	19.6037880491228	19.0632648941755	18.5480821965021
1::P50228	10.3674334880294	11.8810145333779	12.6656833581268	-18.473970971964	11.6042717712525	12.5672219630401	13.8524918500955
1::Q61543	12.9226429357773	14.2359588002416	14.5383333122456	13.1234713559009	14.8677381914035	15.4554914514293	15.1128028174091
1::Q80YC5	26.1792531821187	25.6215789716535	26.2077529372984	26.0893563864437	26.4814261367956	26.5140051883314	26.5253578643395
1::P10126	20.2267865274235	20.5466075178764	20.329034783288	20.0501109447198	20.0648219427216	20.0454528875194	19.9565079491071
1::P01867	15.1138580896456	15.5169800664942	15.0435527000731	14.4887233555316	17.4655006696433	15.1098683030946	15.9612858003455
1::Q07079	21.676174402822	21.6688789331412	21.6274808216129	21.8070160834901	22.2722228794574	21.6409517848609	21.624565571658
1::Q91XQ5	16.5133501434238	17.2159354947255	17.2647100816704	17.2100808392041	17.6165380477626	17.8442600795751	17.8947478183902
1::P09803	18.1721227140027	17.8586940209209	18.4510482060607	17.9282665458381	18.2303735895704	17.1880893360971	17.4354754755161
1::P13020	23.5733160812303	21.6040292972666	22.7452285506788	23.0581658571646	24.939806257262	23.0850518354529	23.9999563636161
1::Q9JJN5	24.643537401913	24.5927944199915	24.4180821151012	24.2025889489575	25.3517974221997	24.9934549638466	24.3862120977754
1::Q6YGZ1	14.0435389916517	14.1520813918486	14.042696153173	13.4280923823119	15.7428487341733	15.8036480499012	14.2593175739632
1::Q3UQ28	17.1512830484469	17.6375826807936	16.7895318742332	17.3386927674633	16.5609520419329	16.6625697486621	16.7108786070605
1::Q61508	24.6926601009821	24.6354796831396	24.9221957450683	24.7551558767135	25.3305957544812	24.8615222447423	24.923056025719
1::P07724;2::P02769	23.1013039598629	21.7334671732781	22.1981653686578	22.1388637498229	21.384475363322	21.1996598517051	21.6186130263107
1::P17897	19.7813866219851	19.5539549663533	19.8297601155346	19.8660356082643	20.0208728222562	21.4381856659275	20.4477606826057
1::Q8K182	20.5855947561189	20.8592359712101	20.776954560819	21.3408770090407	23.9281115185287	21.4274973054535	21.1978292791753
1::O09164	19.6904053643726	20.1105863373944	20.310483849584	19.959172710118	20.35690457013	20.4789610707446	20.5457731756176
1::P31240	17.2211916168821	17.4331193809871	17.3319424351654	17.1128204796482	17.8904076852749	18.5184658113237	17.6498749132376
1::P97290	14.5857859490432	14.7733231686348	15.1658555192753	15.8024258585847	17.8246698149173	14.996057495479	16.3384069185675
1::Q64739	13.1299635158106	13.6480242841869	13.8460798777858	13.9706157772374	14.4404819692364	14.6651186231066	14.3074509563622
1::P06684	17.8086896272093	17.1341319069366	17.7365228589395	18.3424946872111	20.7368478331256	18.6339022106868	18.1627119356263
1::P31725	15.0563423422238	16.8823936859809	15.634482258485	17.6402410247849	14.7261669384575	12.2704774840986	13.0015646086714
1::Q8CG19	15.4899554807557	15.8837954883703	15.7686137127823	15.1555633718332	15.8827881071603	16.5059429048662	16.786304724027
1::Q4ZJN1	15.146234100847	15.2085711505549	14.9087425142632	15.7134724918534	15.5417042685495	16.1531433047224	16.6660265303979
1::P26928	17.6918925534085	18.3729815568691	18.5634521636396	18.1066403083034	19.357845523717	18.1698810573787	18.7332816622554
1::Q61247	18.4715659735852	18.307643068224	18.4766432380394	18.8072685488319	18.764567209102	19.0532221641169	18.9622904082993
1::P27784	17.3179283506898	17.8466525391088	18.0503068475802	14.5534166124592	15.380227031621	15.3970195863799	16.1346245431356
1::P60867	15.7096921663102	14.4567598000045	14.5807177820933	15.47742147997	13.9097067018566	14.4875207936412	13.8501972375945
1::Q07456	26.792763677009	27.1157604610522	27.1339334247511	27.0303624232567	27.1776380248803	27.4109108123017	27.3043312356986
1::E9Q414;1::Q9EST8	22.2701526935876	22.4860679269449	21.6247899591968	21.7145573909494	21.0693966241183	19.5881347920926	21.9182388636658
1::P26043	18.0496824093915	18.3365422713758	18.1753319457221	17.8487665221033	18.2269707557788	18.9354686519036	18.5866132439517
1::O70251	15.0921490474816	16.4388443542623	16.27946467476	15.8179471165675	13.1890611796152	14.7516992214908	15.7202278094999
1::Q921I1	20.4669520980294	18.9013142542414	19.5216148071798	19.5651565392015	19.3996076456853	18.3202978409163	18.9594860952937
1::P47879	20.1350762430717	20.2751543708149	20.1862236419805	19.9892512555784	20.1289418887829	19.6659062880514	20.0360873350146
1::Q8VCM7	28.9039580934129	27.8719098419531	27.5144590770426	28.487680185943	28.1220171771459	26.7895108563411	27.084235557927
1::Q6ZWN5	15.1588963552293	14.1875657010055	13.9757327834009	16.1393114636629	14.2426192209077	12.3561108940962	12.5001505538032
1::Q8VDD5;1::Q61879	19.7777567641716	19.9201010274263	19.4458478029672	19.3205266310289	17.9192818922278	19.2516724063956	19.3401452265421
1::Q9JHK5	19.7938138529476	19.8921153987671	19.4093839125382	19.0770273393556	18.4315810837363	18.9248484206806	19.4666172449776
1::O08842	15.0440129114322	15.4094560477764	15.6001761998129	15.2545569020255	16.0293354639525	16.4066840114699	15.6974177730347
1::Q03401;1::Q03402	16.7705042191855	16.7050516443959	17.1565395514299	16.9483966171987	17.4929727379984	17.6816945859236	17.075745606452
1::P14869	12.0766137464296	12.0104870761089	12.3845052218278	14.1037399329418	10.8428580711307	10.5959774882775	5.49260085319771
1::Q8R429	14.6313848092335	15.9578363201959	15.9017367531366	15.9725816217027	10.6987143103381	14.2691369445309	15.6494919018581
1::Q99JY9;1::Q641P0	20.3379017421057	20.0438567372138	19.8540156992348	20.3132896716346	20.0360547395377	19.9579804420865	19.4017200921415
1::P42669	18.2931333472497	17.7711987295766	18.4089246445388	18.2398627142763	18.30207135792	17.8489149436133	16.6961703426498
1::Q09098	18.7169632392567	14.0978394895505	14.877118914164	18.7846360090938	14.4024632470483	12.9756103147058	14.2641960183427
1::P20029;1::P16627;1::P17879	16.161539017398	15.7699437798323	15.8772216554067	16.2515689834364	15.7620264198737	15.0142036418501	16.0277146637923
1::Q3THE2	17.3811284762096	17.6949115812651	17.496656241973	16.8720321173908	15.7769289426286	17.2332279107866	16.7166405706378
1::Q8VCG4	21.0497952721421	21.0959516743492	21.0088254824962	21.1763377482526	23.6884089966733	21.1944631314047	20.9090596419457
1::Q9R098	11.0107418646938	12.8710626680196	13.0682872091906	13.9884929108522	16.2501799566059	13.7362255387148	13.4312615072591
1::Q00724	13.9719357783853	15.5034438552088	16.255926405192	16.559142335784	16.6522820454432	17.4089377751452	16.4060985236805
1::Q60817	16.8165769322423	17.5544102599917	17.2913706851358	16.8172738702286	17.7901843078413	18.7756151486388	17.2461297595487
1::O70362	15.0795963735209	14.854820458227	15.1726748112099	16.2450445155631	18.0412134852263	15.3127942249663	15.823437224608
1::E9PV24	30.1043825956114	29.4885723067486	29.476746235058	29.8236090779847	29.928680920201	28.4954361952603	28.9159091820163
1::P12399	14.4135357555901	15.130353869698	15.2796805094897	14.8610826633563	14.8353385513945	15.6794318518631	16.0707293449217
1::Q62446	15.5901729554682	16.3161602632523	15.7335501508062	15.4510505651281	15.8471738582559	14.8068435048939	15.5328790622232
1::P26041	18.8869629188012	19.0377990437592	18.0743353777927	18.5680332775049	19.4307423328066	18.377468828168	19.5516203820159
1::Q07235	15.458870142539	16.3956395340568	16.9269339948942	15.8284232178233	16.1204079032345	18.1383400851927	17.2681240391629
1::P97298	14.8641200272754	15.6152880883858	16.0377240968532	15.2536797234874	21.4113018285189	15.9826658303319	16.2012616615125
1::O70165	14.7029557494875	13.7145315216784	14.1869474158702	14.5569516345637	12.3167878867218	15.629798636317	16.002439857993
1::P97333	19.6198947069454	19.7882881642235	19.8146046203671	19.6386507617189	20.0624324369612	19.5908309151865	20.4926040558413
1::B5X0G2	16.4359373530406	17.1541519999759	17.2468528975302	16.7277259959205	17.2008298437127	15.5399427805865	16.7372752815651
1::Q8K0E8;1::Q9JJ59	29.302426488655	28.5982972606839	28.5474664513287	29.17555917327	29.1794622825702	27.5835700766437	28.0666039386397
1::P02088	17.0792686271576	17.3383780733086	17.7747287350975	17.9990576784803	17.9814759411596	18.5337858397848	17.7633266857645
1::P01029	23.1834936060832	22.8746966439707	23.5349188374332	23.4831015005433	23.8349485388522	23.4872733012555	23.2180765015976
1::P70389	12.5286090659693	13.974360961074	14.017037568354	13.8856353603974	15.4914317936487	12.893210091923	14.4918391427644
1::P61161	18.6799750477432	18.6596599192044	18.336657324076	18.6642358017185	18.6757935677837	18.4901375971183	17.7992659685794
1::Q99MQ4	16.1297650200077	15.8068807086209	16.4174270819088	14.1760051253733	12.9177283342963	15.3169059656897	15.179648810049
1::Q9Z126	25.1685387848241	25.0955797875615	24.5897740995042	24.9134727871906	24.544624262187	26.6221134929433	25.6693027316098
1::Q61702	27.1472638766221	27.630973740185	27.6730620303626	27.5052685564905	27.2336235068276	27.4627834706694	27.1992780352188
1::P06728	16.2516161301259	17.5757817419321	15.5246396267688	17.4947838399398	15.4091542410522	15.9993915975973	16.3848094706038
1::Q9CVB6	18.2459970314031	17.7902880910879	17.3440973951362	18.1123918915825	17.9287064918032	17.7664604208533	16.7298072694545
1::Q8K1B8	18.6122160608103	19.0880952867988	18.9451136651981	18.261762293712	18.0958273795178	18.4085203203911	18.6542063172616
1::P15864;1::P43274	17.4933373146117	17.1025404207729	17.2028997549516	17.2001153547669	16.5306288329229	17.1488045459336	17.0608818555402
1::P11152	15.375435385923	15.7390619276396	15.3197534399798	15.3207180197275	15.2552555990731	15.8073933174456	16.5224794589861
1::Q9WTI7	17.0389636000429	17.292087507316	17.7209846334531	16.6093823732396	15.5260900473554	16.9576014087998	16.8945855801943
1::O55226	10.6445825627383	11.6394490673137	12.0639199977882	12.0030483417047	11.6577299108897	12.8161027551046	12.3664323348097
1::P39876	20.6218907416808	20.7149083251215	21.1899006808648	20.2687610044154	20.2281085162059	22.0826911443286	21.5572695595883
1::P59999	18.191118835849	17.9393867280071	17.4065660216617	18.3078160995963	18.0811804734734	17.8050508139148	16.9346159464273
1::P62631	17.4173581097367	17.6090682202251	17.5053851293601	16.9766229162976	17.1478487147543	17.1752951289671	17.2825880376578
1::P01942	4.50768351380956	15.1207343084999	15.4003571518242	4.48064050584931	-18.6106557187365	15.2678172071569	17.0089286670163
1::Q9DCD0	16.419264956601	15.5854761052778	15.4199220584862	16.1397381774897	18.7212838029426	15.1413346197311	16.0666068712962
1::P06909	21.3653477862203	21.1466962767558	21.2837220465187	21.5813551508285	21.4154719536589	20.9029857720882	20.8947942072378
1::Q8QZR4	19.7891764949353	19.7017252454506	19.7053669881509	19.7859607262651	20.0964121552796	18.9230617132601	19.4221326716399
1::Q61398	20.0836828604357	20.0036811952774	20.1404178540726	20.2078949201902	20.4814497734849	20.2520673706455	19.9753569764123
1::P26039;1::Q71LX4	18.1714863436932	18.1983221532118	18.4263093901854	17.468273470517	16.4691233993486	17.7305566541423	18.2303965873199
1::Q9JM76	16.8934799319461	16.4541907864193	16.1446180024753	17.0555708072943	16.9998478218996	16.3161540811302	15.7522502060622
1::P62751	17.1731795213838	17.41014168628	17.4611934690945	16.8630053895624	17.2376363229901	17.989801506272	17.5949146901988
1::Q99PP7	20.3980150423543	19.9480953293332	19.7765305497471	20.2716794583328	20.7357042383818	18.7613948535202	19.3135833103926
1::P04186	21.0663407517269	19.8277011165925	19.792535027277	21.2179501911652	25.7155538435394	20.1142456983505	20.1212983475511
1::Q8BGZ7	14.2662743113074	9.7349452953976	13.61404808171	10.9765234670091	11.0107587705171	13.5304855142965	16.0889833374458
1::P35441;1::Q03350;1::Q05895	25.339625683246	25.3840365062108	25.5256865555039	25.1538484531886	24.9520896426402	26.6982562628949	25.7383721603524
1::P55065	16.7969757032913	16.4379016674571	16.1021344719992	17.2840250443379	18.8518848238662	15.8107585644282	17.0525788908918
1::Q9WVE8	14.3913212803228	15.4890957901058	14.9838262024457	14.5089582501687	13.116618147873	16.5094040681807	15.5345581515885
1::Q61035	15.5341479238632	15.3741323815502	15.3016944150791	15.0391427566632	15.5756686835727	15.9051584299332	15.3575487986056
1::Q61147	17.2858987796336	17.1767998239832	17.5860582064879	17.5437268807552	17.8725425166279	17.0136612216168	16.8845440994842
1::B0V2N1	16.7315920090673	15.6307017990821	15.8587159317418	16.1677525209018	17.0122414168042	15.3589790441607	17.1297606997346
1::P21981	16.1981611539469	15.8106642922847	16.2465588446862	16.6422560606778	13.386862292955	16.2839229985892	15.5021191823202
1::P08226	24.9705436805358	25.2447861183963	24.4212832183355	24.6864194181532	24.344439575584	23.819343232182	25.2062897751821
1::P39061	12.5504083587917	11.4088042559247	9.13413866493698	12.6978132327999	14.8511280915319	11.2123367306588	11.9423407097066
1::P26040	16.2342836382264	16.8380394669692	16.1238284931397	16.2379084468414	17.0287696493563	16.1495295519601	16.7680628047888
1::Q9WV32	19.7228656437535	19.4095120148482	19.1975070724262	19.6467525019629	19.7172154969797	19.1122583389642	19.1434830929062
1::Q91WP6;1::Q5I2A0;1::Q80X76	19.0194353125123	17.8426133987697	18.6990275405279	19.6644608112705	20.275524825877	15.525808957083	15.0226842792753
1::P97855	15.2950817347725	15.6699252879196	15.7783998251269	15.2346583670291	15.0020367428674	16.2227040719954	16.0905888760612
1::P41317	19.4801941625271	18.094923509861	18.0940893818964	20.4408369365016	19.4242431953471	19.9472556699822	19.786754086708
1::P29621	9.98818823220145	10.1814427454912	10.7977991409354	10.8693173035823	13.2161020242696	9.47409722863986	10.3413709748866
1::Q00896;1::Q00897	18.0291576587234	17.1009574346042	17.4511286646003	17.7304130823131	17.168600141354	17.4655844091116	17.4861896398429
1::P08607	27.3684953346644	28.2090793821998	28.1271454997969	27.7294697328696	26.7344401134462	27.9825546913447	28.0217518719644
1::Q64514	14.1453913847285	16.6164015876944	14.9447477660015	15.5893068842867	15.643639311198	17.033549192743	15.627361023945
1::Q9Z0N1	11.7960310207062	9.87849779121508	8.68251572656201	11.2025514730595	10.8036506489671	11.7595685322061	12.6281520407315
1::P29351	14.0509410030816	14.0091342316249	12.7461032247043	14.3127161706442	15.2081597973466	13.1401645195199	14.4219704650449
1::P27773	20.1819354404266	20.3775442568342	20.2532981295917	19.9782276011879	20.0858497725332	20.6466906742168	20.2924293046023
1::Q9Z1R3	15.7092409593006	15.7494414564315	14.5247987146462	12.6312431787412	16.5736108201842	12.0101989698521	16.4881418635638
1::Q8R0Z6;1::Q9R045	17.8890242927034	18.347525772486	18.3937798937178	17.6317450379785	16.8273124699059	19.2553933733166	19.2769638711924
1::P51437	18.9508279827812	18.9539788150835	18.3687242827324	18.3877285965487	18.0820566539318	16.7861334258145	19.3271754617381
1::P22599	20.584386202396	20.128351487556	19.8781993787739	20.2096761648343	19.7742600753297	21.3898637215927	20.4718828590013
1::Q8K0D2	20.2508473635161	19.6778111143401	19.8453100745399	19.7780186512325	19.9298361829633	19.8388066346487	19.4884561838873
1::P80317;1::Q61390	15.0274784306109	14.9856424845676	15.2640532321593	15.2531222559189	14.5078353152397	16.405087131181	15.1674495683717
1::P62827;1::Q61820	20.5558207555539	20.0707897087221	19.8699186340471	20.1529038936031	19.4160155220054	20.5393520706787	19.5903013670313
1::Q99MN1	15.0136457262137	15.1827932841107	14.9203811760678	14.5196182017103	14.8233198411464	15.2927045605499	15.2559241288854
1::Q3SXB8	20.0986697353047	20.4792651142396	20.3162494453868	20.2554548745375	19.869109944242	21.0361093272708	20.7149843336706
1::P01837	16.8774657155913	17.040241589468	17.2764521410671	17.7909180082637	17.0109719955654	17.5519119292711	18.2733764383851
1::Q6P5F6	13.2809643240056	14.5895946206626	14.2799371842403	14.3519121913411	14.6788864482969	13.913979626092	14.9011693809477
1::Q3UHX2	15.2445011808466	15.6651199204516	15.7731816582008	15.0561477872773	15.1518470688023	16.3678270661299	15.5726762291725
1::Q9ESB3	28.2698990399332	28.9090499713586	28.9925809447058	28.4656528393076	29.390753052376	28.6037521089286	28.9030593968594
1::Q05117	17.5383520419196	17.0411014468474	17.3549168374204	17.5717045493972	17.7978261385721	17.1147759834435	17.0222935058007
1::P28665;1::P28666	21.0207065766211	21.6079303135168	21.1674546216541	20.7352569327939	20.7989754072369	21.5450636132324	21.5644825894447
1::Q60605;1::Q8CI43	18.5132481012885	19.2186137552824	19.1336263981241	18.3164688173624	16.8680842745417	18.8311787860888	18.9634291114777
1::P59325	16.4848857131359	16.5956843757307	16.4434466333727	15.7685902056255	16.2172956457058	16.9717618604283	16.5655390844366
1::P19253	10.5112254228847	7.2485679011098	-17.7601961627019	12.4351295663608	10.6110130989702	4.38897674130084	-16.218980622172
1::O35451	16.9947185687293	17.5865329945085	17.1235671973747	17.4672311523313	18.0620555659823	17.4058827129618	17.0909158292
1::Q9JKF1	15.9184926670198	16.1763231922005	16.2060107083843	15.8338843250184	13.3816738915701	16.1993489329009	15.5734486635237
1::Q9CQJ6	14.97602416233	15.7718081247594	15.4334743630813	14.7658437567109	15.3809817848755	15.8876304366834	15.300379471725
1::Q60847	17.1314276328777	16.6590625326754	16.744147161004	17.372303902537	18.1747187414432	16.5825397767626	16.9792480447166
1::Q00623	13.7241112143809	13.3489575579913	12.7809156416363	14.5337349034655	13.1409749314624	13.1525796495461	13.8799294135177
1::P24369	17.2233875588812	17.0280320618152	17.5761505664518	17.2889251418794	16.8615742253708	17.3380917901754	17.1435785557789
1::P19221	23.4086399913664	24.4791066104064	23.4641916885896	21.7128208327686	23.0942423032763	24.2760431267481	23.5889333173889
1::Q8BH43	14.2952262524456	15.2960591108974	14.7779348628845	14.0845997677281	14.3878851308813	15.1215327854014	15.137214095706
1::Q9QWK4	10.5810197067996	11.1965998329783	10.7101228128269	10.555333487309	7.52545970594113	11.1162329113866	13.1578081451671
1::Q8K003	14.4204492712012	15.3018886404871	15.4149616164246	14.0338279712222	15.2509354061949	15.0896355534863	15.1207470557202
1::P39039	16.9295872248594	16.9717451125333	17.0422076500268	17.7653965736915	18.0212083909241	17.1275500940113	17.2207416126666
1::Q9DC11	16.7330206329207	16.9345880715472	17.1538763429918	16.8614709050619	17.1671923079952	16.3913662531532	17.9071849964925
1::Q61268	17.0314417762059	17.6413294516529	16.4639598788307	16.5865468578674	17.799060878488	15.4144653527663	18.2920985942936
1::Q61838	20.3540176675871	19.9979532705687	20.0261246748423	20.0284091682706	19.8405844486463	19.5696537504705	20.3869921422547
1::P11983	13.6927340858237	14.3577505056046	14.3995720256238	12.073936490604	13.6812370984406	14.9242727607728	13.6222051695958
1::P26645	16.0971305282974	15.6041010243263	15.6671426028695	16.3601428162317	16.5698825738294	14.8718166933044	15.9279692885196
1::P62908	15.4001348087026	14.7412804429242	15.1053751459683	16.0440106733641	15.1592124996634	15.2575311301205	14.8846112610107
1::P40124;1::Q9CYT6	18.8937111021864	19.6319232341	18.8753542661319	18.637765354204	18.312449304107	19.2954209859474	18.6826109346708
1::P57776	15.1849800454117	15.9082081562353	16.1838932438246	16.3697691891585	14.5902642375012	15.6765035923764	16.1269364881504
1::Q9JHU4	18.7777825764562	17.8409033862362	17.6858036051973	18.787050262873	19.307210477209	16.8411141660028	17.400704022926
1::P01592	15.30661416277	15.7480189793037	15.8494334844264	15.4757795531764	14.4626202413121	15.6010510560807	16.7045832634477
1::P56716	18.8380369854874	18.504486294128	18.7030548579842	16.7384662932614	18.3898262147977	18.2081982859527	19.0512862273634
1::P31230	14.5704414010665	15.1598752973205	15.1353625768487	14.611858371295	14.4889230755339	15.5533109624994	14.9448616433792
1::Q8CF98	18.6565437154106	18.7617092609211	18.6898279619772	18.9516723063237	18.3461830997488	19.4325729882927	18.9818635975238
1::Q8VCC9	17.5492352873864	17.6151426922082	18.1630645771645	17.9327586977302	17.7404400075689	17.8970656662449	17.5565033274186
1::Q922B2	14.5095982909492	14.7967162096937	13.2301755973666	14.7447034322749	14.870370753343	15.1892812775436	13.7940781592009
1::Q6WVG3	18.7365448123553	19.1486853294677	19.1353546808871	18.9264991867082	19.3078369075561	19.1309869648666	18.7391329026478
1::P14131	15.1474192413696	14.260078530221	14.8806969062366	16.1028407159191	14.9470519407089	15.3740345233327	13.7609015299495
1::P80313	18.630867886049	18.8369571310026	18.9739938137239	18.4943032847175	17.8013515114506	19.2481829493475	18.3406999357782
1::Q9D0R2	15.2603024430185	15.6406025444447	15.6236775306701	15.2814330694892	15.1863757057011	15.998221070596	15.4825280868378
1::P16858;1::Q64467	16.5870538715905	15.4751736806886	16.4327529601295	16.4950002143297	15.7137111524984	17.2136964806457	16.2101246186142
1::O88947	17.6909045723439	18.1116131121269	17.8112623166031	17.9171084113085	17.94568388634	17.3886705785736	18.1261586529794
1::Q91WP0	16.2484558805692	14.4966741051042	13.6028680880501	17.5772621561606	17.4535287422988	16.0275278697196	16.3136384423524
1::P21180	23.9458021648769	23.4012606080708	22.8065918418694	23.7211039912035	24.4216660906899	22.4100282839596	24.0825988864431
1::Q61704	19.6553853570282	20.1366675002475	20.5536515356144	20.6872511709824	19.0543350104446	20.3778192052715	20.489402228576
1::Q8CG14;1::Q8CFG8	20.1722302665949	21.5578477850222	21.3969846515365	20.7444260680994	20.6539125759847	20.8748254442817	21.8421759888157
1::P42932	14.795204883499	15.0342817500179	15.1203835825474	15.0339934999354	15.2387090168191	15.5956550595571	14.4015388763482
1::P50580	17.4422783704703	17.2877643547221	17.6313694039922	16.7622457717182	16.8141017638889	18.2164839521096	17.2834076483759
1::P60710;1::P62737;1::Q8BFZ3	17.8462821948916	17.6325328680563	18.0692445613831	18.5388336267118	18.2987096940126	17.9625106377607	18.2822985810234
1::Q9R182	21.2035243805967	21.5979144174829	21.4231434433941	21.2236399705498	20.7075906898925	21.8339578445519	21.7361128289316
1::O08538	18.5858683812048	18.9991405796145	18.4659846978899	18.2111580546309	17.9463464876009	18.8988286883972	18.402163649684
1::P01631	16.1328248983538	14.8643864147489	15.1724217144104	16.778294533179	15.2636975291009	15.9884602702814	16.6831331526803
1::P62264	18.2206438623475	14.2562023282691	14.5731851977941	17.7514570346451	18.1099734024965	15.726485244298	15.3188261066068
1::Q8BND5	17.1276120515895	15.9535110507863	17.2362153815484	17.8277311868719	16.5407649956205	17.1177704404519	17.2005963155102
2::P00924	23.7073993685167	23.9750773175152	23.8068454005943	22.4884883967491	23.5670391781705	23.335654344847	23.741367691449
1::Q9ES30	17.7941096550537	18.542276004026	18.3682743388619	18.1881749470807	18.2765292438651	18.0615843096366	18.2189387132237
1::P51859	14.9748783895251	15.703439790089	14.9619496056524	14.5938062986974	15.6742175648946	14.8487163907821	15.2054296820125
1::P06683	20.9672158187257	20.0597214298222	20.9367756614826	21.6492058136589	20.7617294237639	21.0179312363145	21.1958568928532
1::P33622	19.0354671583874	20.6434158997865	17.7772226348968	16.6694617214815	19.5915282120192	15.8203993371052	20.746541405068
1::P47857	15.5999055900842	14.9216315179243	15.3248357181145	15.1562147736296	16.010427630013	15.0409519103516	14.4075124851767
1::P58252	14.9771175761908	12.2796992603917	14.20086377754	14.9441077630815	16.581123870577	12.8203416833337	12.4114733074568
1::P62242	17.9746953316632	15.3914391677608	15.6698003625717	17.6258073301974	18.2439082456623	15.8722047360896	15.651845051096
1::Q6ZWY3	13.9451141539693	13.1046014069204	11.731366579031	14.5735801405767	13.928920795529	13.7828735840914	12.8749070618198
1::Q8CG16;1::Q8CFG9;1::Q3UZ09	19.5873390118087	21.5245935543311	21.0569537923012	20.0486420918803	20.0414949211666	20.1977563730602	21.9125785746803
1::P63158	16.7992376140581	17.0858396568922	17.1772909195623	16.2224215751688	16.834183505876	17.2173552249178	16.8316406349418
1::P14106;1::Q9R171	24.7940938680776	24.7736423970544	25.2039568208011	24.9339500650894	23.1780108627988	25.4801554195005	25.4946389566463
1::P98086	24.8773731765149	25.2429852784285	25.3224772036813	25.0351402422542	23.0705484560759	25.8171179167214	25.7896234251387
1::P62245	13.8231248476367	13.8383347218139	14.2473938230447	13.6333547013539	13.938433044334	14.426565182997	13.4810019118583
1::P25444	16.0344277145231	15.1843318450855	15.6806682315438	16.4505306826231	15.379928779206	16.6044504169892	15.5443594208153
1::P63005	18.2312138368797	18.3475058955335	18.4804205716331	17.9828806346183	18.0088037264337	18.8194539685083	18.1541624074962
1::P46412	12.962997669033	11.1858908149307	14.9357347298478	12.8480021517939	14.5502015633645	12.3096977407603	12.5255811696532
1::P56959	14.6082617152719	15.5853206907629	15.8230318729453	15.0974259201313	15.3365133841959	14.9563534801585	15.501105611786
1::P29699	19.5485450951255	19.7311664224827	19.882160170483	19.8713629943651	19.1608569518545	20.1862826898201	20.1487917183673
1::Q8BP67	17.0371866983078	14.7510367846552	14.667297086782	17.7142082249255	18.0588906960599	14.3681191918561	15.218809486438
1::O88783	23.7763229246404	23.8264618903908	23.8494060451868	23.79480944529	23.4677809679751	24.0070910013732	23.6268457018763
1::P52480	15.4439555766745	14.9392030807736	15.3602909539812	16.1576927442316	16.212194306417	15.2464089210103	15.5342027796725
1::Q9R0Q6	16.3880908907366	16.4548483211	16.1280150091903	15.9052243537205	16.0031046676378	16.5099792415131	16.2418612515241
1::Q8BH35	18.2905610966136	18.2697219232472	18.6475479092575	18.8563326015109	18.7534032124189	18.4653433400452	18.5040022864743
1::Q8BH61	21.3032216622343	20.9813429132886	20.6674481220259	21.4724866563193	21.9716185330799	20.4178511947018	20.447412987694
1::P34928	18.5961525330529	19.0042550692571	16.7930904473586	16.2202355196256	17.5570215816498	15.0449588609751	20.114946449677
1::Q02105	25.2611307168198	25.1359267462408	25.6450781976171	25.3908688851408	23.8784106202519	25.8766628394031	25.9258002725457
1::O70172	14.4878315177723	14.7228260189376	14.7538288318649	14.3087904698004	14.7674785942564	14.5180819919061	14.3942862030099
1::P01872	19.9736823275042	20.2568558084806	20.2831160156029	20.7359018022948	17.9047293060507	20.6917588653532	21.4336127349967
1::P51125	15.4829335738977	15.3372059564161	15.2406885083993	15.3680980471376	15.5555012933303	15.1187974758003	15.5235789120823
1::P20918	18.257114253209	18.2027064325281	18.3355563562178	18.46322670265	18.4144299797396	18.3775681334699	18.1095935577287
1::Q78PY7	15.2530546555395	15.7630094265418	15.8642709021293	14.4064944193053	13.7078466945475	15.6318685918399	15.4299882470199
1::Q99020	16.3655136881656	16.7500778541901	16.6405789703746	16.1010421855565	16.8597413977806	16.5144190507731	16.3127646722251
1::Q01339	21.2171302855116	19.8639454480265	20.3519608945111	21.7658375921635	21.6291859934097	20.1264596504644	20.1834895401552
1::Q61129	17.081963329133	17.2147770879328	17.6013322705951	17.9871565072947	17.7806173574969	17.1801861232154	17.8547267745583
1::P40224	15.5453234125959	15.202950624144	15.7398468920654	15.1815545915456	14.068635625944	15.473967757127	15.6838396752951
1::Q8BYK5	13.8667306101642	13.3517597779096	13.3331532289307	14.1623088856244	15.1815543585864	11.6754125424036	12.7998503300907
1::P26638	16.0396024342468	16.78774785758	15.9870928533975	16.5492991084139	15.7840709322008	16.9139261057094	16.2032947957162
1::Q9WUM4	12.4823296755753	13.5634734781538	13.9722504533847	12.5330602328993	12.9222184946808	12.6715620452918	14.186979861608
1::Q9ER72	9.17458980289503	13.0206101520202	13.4331637657343	12.8440189430662	11.6700253521705	13.9121939497148	11.7650667606396
1::O08677	26.7220898457172	26.9545653253923	27.2368914970664	26.7778640662525	27.0482263526753	26.8431721390037	26.9031932851726
1::O88968	19.9057865453811	20.1170922487438	19.0627385085597	19.7944668865407	20.734690177354	18.4211295636399	19.7026347626703
1::Q61703	26.8443376441848	27.1933566475054	27.2708056968317	27.133005160282	27.2761643734248	27.1658047916868	27.0492982616078
1::P80316	16.5856877565332	17.0556209161597	16.4454351873279	16.2061539681188	16.4165036625684	17.0741776006334	16.2888263403578
1::P61358	13.2190571129995	14.1600033233291	13.30282150342	13.9208452113543	14.0169422423056	13.6882348625205	13.5284006019001
1::B2RPV6	19.6386153246733	19.8898598569825	19.9651083495084	18.6543014424414	18.3088804817213	20.1936280794279	19.7870947391559
1::P09405	16.8993165501853	16.8577934520466	16.6493112643571	16.3909107611775	16.4006521711837	16.8640932490304	16.7121967012726
1::P80315	15.2027991138546	15.637264888273	15.0395350403499	15.09854715771	15.0235822055669	15.835103063752	13.8014732177146
1::Q06890	20.6652367805238	21.1877504247875	20.9401084348317	21.2219129866699	20.7734469154519	21.4335355856397	20.6815653491275
1::P11031	15.7116709979544	15.9410616881397	15.669613385667	14.6825454568781	14.4809913305686	15.9276282838049	15.3365283645094
1::Q91Y47	22.671625594091	22.4216973361743	22.5176505406813	22.6712289210671	23.1386304636457	22.4507678408344	21.8185297433956
1::P63325	14.5964954770139	14.5954271794792	15.3448020266149	13.4592248276668	11.8916273589038	15.0810727735316	14.7218038081963
1::Q8BP47	16.1435734614962	17.1982426011502	16.4358467046299	16.0067165196061	16.139004444707	16.4762701071034	16.8821307754465
1::P08071	22.7466998262479	22.6717677279834	23.0944073850295	22.6605262769272	23.1922463168879	22.4891348774671	22.3978861525474
1::P43025	23.431384979513	23.6918530636692	23.5139779522107	23.6751628440161	22.7359208764042	24.1365759359337	23.5828839297334
1::P62900	15.2750040701925	14.2620914756045	14.733440385724	14.2465863422619	14.7134095128196	15.3791400592631	12.8848139727825
1::P80318;1::P60334	16.9067815141865	16.9554378277206	16.5365638524948	16.218141652958	16.0551761648143	17.1613112338378	16.5088878201362
1::Q9QXC1	13.6189216386223	13.4648670860097	13.7002531105951	14.5295449092134	14.0153918414274	13.6406669830003	14.2094634998054
1::P80314	16.2338255054252	16.7375212312303	16.3525948668421	16.256305980369	15.315877737913	16.9925471731573	16.1596898953426
1::P01027	21.3165520271711	20.9148507707289	21.6609653152638	22.037188250495	21.4934799652401	21.3017444826448	21.3405111148998
1::Q8CGC7	16.3401994952586	16.3606910682001	16.523261738213	16.274400981835	15.7363125278464	16.6852113580807	16.3604529906551
1::Q8C8R3	15.7358795865394	14.8512041006435	15.1261169179381	15.3090110280822	15.0007942119112	15.0249293887998	15.6471675714606
1::P51670	19.130536384153	19.2981491205229	19.4073407871434	19.1898054747691	19.4944374006685	19.1847994113709	19.0514038375192
1::O08638	-16.6647734243936	-16.6782808837416	-16.6486603433459	-16.6524250027196	-16.6551344006772	-16.8483611077993	-16.6444700716631
1::P62918	-16.6647734243936	-16.6782808837416	-16.6486603433459	-16.6524250027196	-16.6551344006772	-16.8483611077993	-16.6444700716631
1::Q6URW6	-16.6647734243936	-16.6782808837416	-16.6486603433459	-16.6524250027196	-16.6551344006772	-16.8483611077993	-16.6444700716631
