0	1	1	1	1	2	2	2
1::Q61805	7454420.40782147	7936821.11223962	7553101.23266071	7366630.33206385	1102877.31732151	1266519.515	1236401.55871567
1::P05367	391509.571325604	525402.104364042	369061.85527203	298169.140063663	2111.52770188435	1180.630744	5956.44860336117
1::P05366	468235.661598337	595267.240648922	431163.110248878	393758.512026907	44584.3182129477	17877.46869	99013.5195870414
1::P10922	17613.8547700148	20366.4329719714	23896.3941999073	18846.0714455553	2519.73440726653	6036.218197	1231.02974140352
1::P05017	5488386.36485558	5922925.03397344	6488442.8092514	5269429.7909755	9563262.75626723	10813449.13	11760013.2284004
1::Q8CEF9	2825.79732218689	1034.69647557749	1924.34155331339	4657.3532233908	12391.1995802862	17478.97136	21990.621945161
1::P20033	29648.7942638941	43555.4090450014	38586.1064152894	28141.9224283157	53502.0938196705	91514.45589	91512.6122218894
1::Q61646	280436.506941703	196940.557364776	393595.834160751	264275.429135448	31947.6228740876	4348.740087	18565.0588578575
1::P47877	497233.57224564	478146.627831591	706648.7005496	575922.053187262	1328376.94827178	1280897.021	1827827.10872107
1::P48787	51988.0007800845	79364.4612873713	78768.5030414077	40957.5434359895	14748.8509901149	18320.57023	8093.93930441037
1::P18419	9456745.40814801	1847919.46201382	12218970.9135352	15130744.0201001	129878.240006518	200559.967	122803.381132416
1::P27656	665630.86050723	722888.610256316	895318.398124422	676030.891072522	1392920.63742912	1381352.381	1402196.40464761
1::P98064	144898.388768693	200420.939063724	245917.160904957	190910.502046417	291771.427329244	334746.8261	508281.342049963
1::Q9DBB9	1513405.56913834	2953824.08045871	3049374.59380434	2587193.51085909	5124305.81108637	6840548.822	6207175.8471332
1::O08692	459677.066961936	323117.758697988	366810.002543317	396636.438860143	155331.110316077	60350.03302	95417.0316775729
1::P21570	1021120.48128246	1120533.3349317	1430562.33579761	981824.424704549	321016.986372834	651294.8883	898360.172785029
1::Q8K0C5	101373.815070384	86127.3520160448	149315.098553019	151432.395691528	15339.8055608861	31086.28861	32026.5775883876
1::Q61581	264711.019965585	349470.844213327	430319.312485344	260114.230312722	371106.589553806	639654.3031	652873.418948156
1::Q9DD06	966094.232078676	1248642.56327284	1321283.42796898	980270.390754028	1252193.95345681	2030088.74	1778677.50636681
1::P32921	87174.0000746332	90435.5568041804	83945.4397330096	91672.7763846863	32868.3868535491	67901.38152	45243.9917945961
1::P50752	112127.483601076	194852.322317151	120483.331744513	73481.2464797273	42784.4042958936	33964.12084	36177.7644909842
1::Q6ZWY9	474618.713585182	441595.394855549	572453.783800372	391633.215754107	204495.162688518	290724.15	102831.728464497
1::Q91X72	61904.279858608	53969.8955635616	91505.3435481853	73237.5350131539	27725.0349752098	30090.5292	39880.4340201453
1::Q62151	1861.30912325377	3175.04278413058	2546.08597644491	2237.92160504909	16111.1953313812	65726.66269	60365.3790735708
1::Q91YW3	1857.3693394528	518.333365695453	1.19399272555979e-05	3222.94486891623	3903.80783010671	8027.851109	8079.11047523739
1::P05208	16687.726311879	24958.4720705463	32092.8360856938	37671.8530683307	617.739667684579	4646.627525	5261.69640467595
1::Q9JKR6	247982.634421883	289437.192647738	305802.575525886	242112.231210321	138085.578482524	243661.0174	273720.520029774
1::Q8QZT1	54462.8621393318	57416.3678917186	68731.1422764805	74196.8631296036	30911.6104419701	39262.98624	24737.1315997374
1::P48678	18932.7561117719	24643.3947746172	33757.1177585626	22140.5149805609	37593.6892709079	36788.76927	42825.9857332441
1::P70274	292962.331495179	359845.338920194	440360.684086755	267434.394280705	479195.796051095	462543.7117	934873.769300827
1::P11247	168895.593641729	166592.486676766	221505.593254841	183054.151554339	127031.014103686	106771.428	112503.34514521
1::Q64487	311167.799258413	449535.333727091	559067.117767478	356472.450226684	441631.254773499	790305.9267	850774.134577355
1::O89053	5867.51050168082	6581.60795639921	8394.40461763399	8626.41476964401	28037.443803763	14866.27795	25016.4346091422
1::Q99PL5	22294.5531397183	17233.5273668014	34539.9756378151	27964.3945854298	8147.87770403842	15747.05318	3092.36753786617
1::O88803	55874.9778757561	86679.2855550934	147356.78989108	90691.9095956102	111969.924624624	250570.4129	260583.527375772
1::Q9JM99	4988713.23870057	5958853.74495546	5540346.35557443	5120721.6742834	746607.606282203	3808597.542	2880491.21157555
1::Q62009	351550.694463019	262753.988934362	200507.95121567	315807.077665781	557086.700728984	553351.553	552635.93387394
1::Q9JJH1	5953735.28781226	6996465.02018865	8824018.94427848	7100066.32480352	3296963.8243964	5526953.367	7266193.2806396
1::P26262	32219694.8071903	35866391.0589105	45109882.9724647	36244547.8967624	57353936.2435269	55102091.59	55680537.7932399
1::P97430	2320502.81787891	3338128.36477658	3430666.78951102	2309494.06403272	3003707.30097113	6231976.998	4614136.78868177
1::P31532	420430.610403714	179496.015669118	184795.55558696	263658.924139111	73575.7246457631	59316.78416	114380.252876396
1::Q8BH64	39862.8553321941	93015.4690273273	67455.0728910155	31968.0685993768	6131.86615618077	37841.6727	14585.9296482279
1::P0C0S6;1::P22752;1::Q64522	96439.9424983556	80852.869893498	101765.582111462	129339.339498893	40534.2383873384	71467.43841	18023.9265738157
1::Q8BWT1	77849.0490734764	65634.4917018547	67464.2003445261	69638.8102174625	44522.5082538949	51939.50576	22994.9147390624
1::Q9CZU6	730628.135853678	828146.178697079	924915.116909233	786712.961585495	569503.90256505	586022.3868	359332.015471336
1::P09535	122177.38442653	229352.530840724	169523.060668341	137020.637688793	256504.964445742	227410.9166	265381.656225924
1::O70410	621398.157408092	408730.424810956	166332.128123803	448973.770729525	81972.7020641579	52039.26768	216219.19664831
1::Q8BK62	70224.0587582429	112262.604819737	135186.560900803	93655.3583726537	109278.261412479	225147.5063	187983.938240833
1::P32261	817566914.973183	761530153.554632	696481786.105463	630920948.709521	825940716.825427	1383409812	1061080476.21407
1::A2A8L5	221737.142915114	195198.3626496	147981.937856145	301353.170772331	551583.637043031	348154.5378	524344.451495643
1::Q8BGD9	24054.9385192289	23497.6288362319	22450.0656188121	21788.9139431128	22204.4218693195	55209.22092	51394.8397004623
1::Q8K1M6	22827.7535572049	36992.8139799646	24637.0997181744	14840.527817586	23937.3134353693	58796.4033	66818.077286939
1::P47880	813675.19285801	826233.353219043	722643.199526185	814448.191612784	1060627.42157105	1050322.081	1267727.61004201
1::P47878	7458411.156581	10554497.7978698	9896271.31902939	9178145.89832715	13123119.9653243	11885875.31	13829848.8638906
1::A6X935	65553801.0459966	55214488.8569699	37958813.9198896	98984522.0221779	35986554.3111184	11366770.47	21033275.6772557
1::Q71KU9	7977.54207228369	4600.11333806934	11007.7888418521	4025.19986631547	3854.17085797805	304.3736877	322.02315874702
1::P29788;1::Q8BP99	4938064.32498753	5691644.16466468	8367068.56252781	5282085.10770132	2983171.2956745	5403197.03	5402546.02193561
1::Q8VI78	243713.077886731	210206.933046879	296509.642503788	196977.954877744	119993.968412145	230931.8365	164056.806478528
1::P11276	127890608.088196	122907079.124059	114604375.806387	168664883.115609	68048333.2477578	108648482.8	96979109.5865418
1::P07759;1::Q03734	803199.947359646	758977.483908961	1034725.13646265	1210926.52437631	597000.182800203	636722.6997	519217.473367709
1::P50228	4690.84140067399	11395.0349901938	12167.3847802054	6.94639037200185e-06	8673.36956526512	24837.4657	21553.6847173935
1::Q61543	8066.75204769509	25066.3699629073	30413.3824069609	9762.06921878332	21025.690772971	72457.12225	52271.0453233927
1::Q80YC5	68409727.6310058	55243458.259342	85499165.655363	70978655.416203	81119275.6454657	109192828.7	116593096.959096
1::P10126	1048036.43496059	1591952.73098933	1475308.47762626	1038903.60694641	835924.476529077	1238834.169	1382528.08604284
1::P01867	32358.6522082564	57879.8435023585	40470.6792206672	22402.2019340875	111991.086214892	54351.48871	90202.5462068894
1::Q07079	2853980.15916757	3444927.19752401	3547994.35573694	3378291.07433646	3773795.56894076	4092366.51	4737499.79537788
1::Q91XQ5	83903.3796946456	174826.147319132	182768.971435991	143519.158569065	137954.460955999	297841.5728	318067.020329494
1::P09803	267273.512000414	266971.901767469	412252.987301828	236252.446484669	225874.227991046	181727.9798	231952.82096193
1::P13020	10527952.793162	3335073.89628779	7825183.67062745	8263831.89885479	23937186.2547413	11255941.64	23468807.6958203
1::Q9JJN5	22785461.2732679	26830739.4221534	24910368.4034359	18811474.5106849	34445599.0084324	39683932.37	28319299.7197083
1::Q6YGZ1	17095.2117898978	23409.8646283625	21354.5456164839	11834.8434727676	37543.9392762955	91928.35165	28787.3381908849
1::Q3UQ28	129281.710515343	238342.422930524	132338.767298879	156296.880904436	62496.6150069654	138040.0165	141251.074831843
1::Q61508	23696955.0881099	27674948.2446386	35291572.4592265	27677994.5283407	34330496.1430783	35952086.68	40662898.243848
1::P07724;2::P02769	7651457.33549139	3595846.40342799	5267956.06449329	4243881.18565008	2027390.86884293	3049961.928	4739292.63429268
1::P17897	769747.763739495	800497.75445459	1044268.62933581	914959.752592683	809614.215737771	3254297.303	1942013.40267554
1::Q8K182	1343328.11008384	1973318.40474187	1972004.74951578	2459030.52249463	12047381.7002592	3439519.948	3480855.14158565
1::O09164	722549.345652122	1176167.72461287	1455832.09933074	974994.769117388	1024797.92801194	1672457.412	2081190.34329606
1::P31240	137778.740546352	201296.244368565	190748.179097204	134235.745806798	172151.177783495	465951.6421	268384.758491641
1::P97290	22302.4056998842	34445.3635216968	43918.7485938504	55262.6707274446	142888.612450863	49941.95059	116609.253820409
1::Q64739	9780.65372120464	17000.5017161606	19174.3237948576	18178.7700249136	16478.5878362327	42115.66341	30176.9541345873
1::P06684	205880.402142027	158367.201073334	249179.784832312	314705.826180508	1324126.31699011	488938.9161	389752.826930498
1::P31725	32232.1935884682	151524.181077636	62313.4645815343	207405.143260009	17360.9917058028	7805.989159	11834.1185662182
1::Q8CG19	41129.7728775274	73719.4524400393	66232.4011168837	34659.6672702828	36734.2685714096	140083.2162	157146.755049891
1::Q4ZJN1	32928.2323446336	46606.1448533961	36770.3877436355	52033.369114587	29389.5034575749	111494.2786	146465.780605941
1::P26928	189382.66856488	372731.718580376	441455.941016666	267252.145101319	510080.0100096	354130.5175	580242.658095676
1::Q61247	320984.540321989	352100.235794909	413332.845068759	435009.152430747	339097.746212329	649889.2108	686722.072861674
1::P27784	144548.635819097	283165.601398367	320255.323157042	22557.0459988405	25958.5525474644	62297.27388	97504.7785902007
1::P60867	53211.8737206261	28705.3026331725	30738.3471087027	48246.8130966161	10335.2418373295	36774.67853	21584.5908653123
1::Q07456	106545124.823623	156443946.592547	162018256.525009	137806272.91166	136328673.617362	199765496.7	192927433.745436
1::E9Q414;1::Q9EST8	4316113.20221471	6088686.33900934	3545802.31523802	3180075.95288497	1655198.05480489	967731.1817	5759627.46091091
1::P26043	243872.684080079	365346.36300838	338148.148421812	223492.897782036	232078.796174135	603115.9166	521725.812456887
1::O70251	32325.8558626589	110357.461649106	96100.8396440733	57214.1492105628	5858.38088384778	42851.12784	76950.1632403266
1::Q921I1	1249021.66986614	519694.79225373	847175.635460197	742544.599589399	518449.676299052	383439.6759	691078.629957339
1::P47879	983815.629963833	1321059.96441534	1338250.0287794	997553.724088499	870140.374834939	953453.3858	1458021.01052418
1::Q8VCM7	466346393.068658	265484897.7806	210671474.959265	382094378.174502	269640863.307886	128019171.1	160857923.938149
1::Q6ZWN5	39424.9639824781	24595.7233399762	20881.7415951381	81031.5699234517	14160.2350231347	8491.582694	8604.19246687282
1::Q8VDD5;1::Q61879	775182.848424181	1053819.30021677	803899.490073745	626476.082782802	185934.005752729	731884.9467	899701.160413761
1::Q9JHK5	783789.911046659	1033474.42126676	783827.389763881	529207.792648477	265180.524014046	583461.0046	982138.072673536
1::O08842	30650.9739727337	53544.3117882417	59356.4741957961	37817.8159646014	41179.3718114602	132815.3265	74798.1335539602
1::Q03401;1::Q03402	99618.0018996877	124030.580259508	170238.560809133	119477.462813594	121884.486027339	274429.0792	181167.078938685
1::P14869	7826.10791975375	7388.01239921255	8227.03523065752	28664.4730769674	2505.61879401982	2407.443972	68.5413184899261
1::Q8R429	24920.7497847986	80923.1464332604	76381.0178732402	67381.8479492892	1104.22284157017	31517.5025	74917.5904129467
1::Q99JY9;1::Q641P0	1132544.93064789	1126447.91548011	1063926.82621679	1249920.08117243	813809.158319002	1168263.124	938190.854247165
1::P42669	290610.827291817	250816.49405037	400100.189769549	293192.691055214	238290.163236418	286870.3256	139092.268586774
1::Q09098	395401.269222441	21699.5566388406	36170.3203121662	442924.167690217	13473.1190542263	12431.33496	27912.4330976241
1::P20029;1::P16627;1::P17879	65768.7617046549	68305.8771947419	71532.4642129139	74442.1701125815	33887.6237138889	50069.78192	93257.6874214437
1::Q3THE2	151772.68298679	247453.852456917	215868.960158214	113172.663145871	36555.6638686937	203731.3386	141629.909617223
1::Q8VCG4	1853185.16159853	2325154.81468321	2315805.59513175	2193924.12147759	10202753.9154521	2926736.265	2849586.31138995
1::Q9R098	2445.39062844921	10232.471043409	11519.32584513	19511.4318363353	63915.9995737493	22186.07231	16643.3683911674
1::Q00724	14289.8585804603	56308.5537297815	92618.0839941773	91140.9460114582	62536.0071944983	257962.8067	119545.282712418
1::Q60817	103782.203619289	220088.33915363	185848.1490076	109338.106938308	157869.08308821	562875.3696	202882.113519129
1::O70362	31150.1018714152	36276.9509219185	43951.0768065696	74347.8190982201	164864.003067115	61733.02937	81104.7272112485
1::E9PV24	1107901500.47967	825569766.783849	819892361.996444	992234639.58194	1013265536.08242	399278327.2	528685741.841562
1::P12399	20413.9559983351	44765.6215037435	48384.9182751037	29835.1429740506	18526.8241424265	82199.15309	98704.0812890608
1::Q62446	44813.7625135845	100456.444538377	65146.3153525572	43404.8983175887	36334.889765561	43869.8056	66800.2805260423
1::P26041	424763.397730248	580553.222791667	311812.430570045	369209.807921171	536189.903831723	405347.8496	1037560.33677579
1::Q07235	39842.0104689793	102634.446717659	146531.536506163	54623.8691030953	44042.3391294379	405353.8119	211542.146203739
1::P97298	26369.2889307002	60063.9543548821	79259.4141176558	36637.9578755279	1706859.68211718	92384.99523	101568.734120259
1::O70165	27203.4452883204	17335.4855419588	23672.0001860153	26025.3129223178	3519.89716730032	81580.99937	96514.0431347236
1::P97333	688891.837919937	945668.147700367	1036825.23964111	784223.41834379	824936.296280065	907533.7002	1994628.92073632
1::B5X0G2	78470.9669133369	172586.475032262	182514.555585428	102002.848116727	94247.6977470485	65731.67371	145422.745427083
1::Q8K0E8;1::Q9JJ59	624479603.216138	442132840.479126	430780076.427324	623684013.2651	580510645.810796	217582728.3	306070356.511069
1::P02088	125279.975857581	187025.673708255	258467.407691163	248154.420228257	187911.996431999	464322.3463	290512.038369623
1::P01029	8047167.25471266	8056131.02301289	13532236.4797613	11121055.0433733	11183112.4394309	14809126.35	13572522.2547211
1::P70389	6553.03180520064	21446.1950391945	21717.246625476	17336.1441425192	34827.5512721134	12344.02706	34383.7776954434
1::P61161	374917.916559857	453784.388866729	376890.955242379	393393.902942671	318235.376966909	441821.3476	304210.260388753
1::Q99MQ4	67305.913406651	71655.7185021738	106695.993847446	18628.7455649544	4919.98106507888	64105.6622	53324.735755157
1::Q9Z126	33228724.8185714	38152857.3510978	27980015.1310916	31037917.0174089	20265467.2979014	120502866.7	67121399.6156639
1::Q61702	136920498.184804	223985157.453985	235299431.463225	192227144.912037	143249331.467912	205966894.2	177376205.227218
1::P06728	69033.2085204585	234739.974085428	55619.0926123171	173283.865735187	26480.5302261912	94637.29654	116005.577298981
1::Q9CVB6	280888.564172419	256671.260040577	192016.004750935	268421.658070139	179323.173515934	274380.7198	141879.049411791
1::Q8K1B8	355801.769924332	607767.621697142	573275.13879904	297834.05654224	213099.709728611	416612.159	552417.763930906
1::P15864;1::P43274	164360.974345186	163478.735576375	175839.979239506	142227.474639763	62425.525650268	190019.0443	179377.736209366
1::P11152	38597.3417228767	67318.2043862471	48890.1271038022	39631.6146912914	24096.6211127465	87733.30819	132592.380277739
1::Q9WTI7	119345.515129423	188632.583263646	252916.766428228	94133.8089312125	30006.2906761502	172112.1304	161093.575230668
1::O55226	2483.11822633676	4998.41322822262	6270.7981640066	5995.4012853569	3692.57019073576	11465.01349	8065.65469114928
1::P39876	1379110.65805062	1789714.97831558	2644736.7836916	1185739.53528401	943866.198916972	5202047.442	4337539.06063666
1::P59999	270883.877737185	283343.612537718	200160.182327463	307379.688386268	202087.515470588	279611.3215	163584.376932115
1::P62631	156733.491226932	230219.36726833	216164.338317213	122023.233473237	98714.7107460064	188794.3124	208322.153807898
1::P01942	83.9670009157562	110738.058106639	81853.1143545112	57.8667166425865	7.24387013631824e-06	174198.0015	191561.773417438
1::Q9DCD0	77768.1454530607	59403.529764154	51822.4680947777	67968.2589596902	262471.387500551	53055.89404	93913.5102575451
1::P06909	2308160.48882192	2413212.89067348	2810664.95936069	2921856.47974907	2130581.32014751	2346655.279	2786051.00073111
1::Q8QZR4	776561.922766261	896152.433457952	961741.784264143	867896.263597759	841323.7610544	575425.4432	950763.237344159
1::Q61398	949098.705609755	1092846.08930133	1294683.32609898	1159141.51132802	1115345.48398543	1429752.111	1400449.39080164
1::P26039;1::Q71LX4	267240.780964482	338989.280829139	405808.982413541	171770.574587042	66144.3238012889	265459.679	401621.723210381
1::Q9JM76	107662.188712979	107256.898056072	85304.1193498491	127789.758323528	80471.5529724024	115829.919	74263.6381635501
1::P62751	132634.090123809	199814.148819502	209348.950588388	112837.891170056	106448.048463049	328761.8842	258377.623948103
1::Q99PP7	1181095.14196528	1055690.27251741	1009673.04245997	1216142.79327505	1316453.51991773	510306.7686	880970.241787494
1::P04186	1876838.05830055	968176.974960485	1001305.62227255	2277554.93065022	42157123.3969667	1346132.265	1619971.45836864
1::Q8BGZ7	26317.5423586379	1215.49528193581	17487.5825576444	2638.46614287148	1964.23702555368	19128.85057	106123.170569484
1::P35441;1::Q03350;1::Q05895	37675459.8389628	46680861.7344371	53447638.852391	36810230.357314	27277430.2125867	125971946.2	69476400.4368365
1::P55065	100955.382736213	104139.313855354	82289.3239554898	150334.577807015	302332.514355482	77265.07272	179379.808560771
1::Q9WVE8	20549.2887750972	57915.0992938209	39907.7858691535	23903.3537996491	5752.24168046822	147888.4555	68723.6989208196
1::Q61035	43556.1747581645	52567.126604944	48555.486368592	33035.520525931	30392.8669846501	94732.09974	59567.3039857828
1::Q61147	143221.625486697	170353.216834635	228469.370757796	180827.215280834	164029.036854639	168051.052	157992.100534008
1::B0V2N1	96452.2780586983	61184.6689755213	70198.9820096183	69201.8996151467	80292.2566829168	61374.29968	195598.625481674
1::P21981	67879.8210668144	70512.026343146	92683.752137412	98351.1553578516	6567.07949877084	121424.5891	65086.7914974244
1::P08226	28592359.6731399	42164115.2154688	24963886.2856564	26312617.8370559	17148471.0654751	17577415.95	49962462.5060065
1::P39061	9161.45152853525	4210.11078944302	818.810624884963	9596.31452813691	33159.6848641202	3779.42063	6011.06344413589
1::P26040	68165.1812239728	140170.671258184	84130.9827877424	72480.5976906859	81847.6280984876	103683.0104	150430.933448165
1::Q9WV32	743549.681442858	736259.004929826	676518.271911834	787178.566323266	645048.215419085	660743.6254	785020.365154758
1::Q91WP6;1::Q5I2A0;1::Q80X76	480652.940282261	262773.098745265	488628.474027647	786976.854261088	941695.807207629	57182.53493	43680.4697568968
1::P97855	36519.7012239886	64181.7201980082	67199.3528780181	37353.6002826197	20223.9784735717	117039.6568	98316.3832927614
1::P41317	629899.959781852	296975.669721081	314930.574691249	1362942.80807979	527098.198339389	1183437.687	1226241.27446547
1::P29621	1986.96606823593	2219.61120520132	2804.82258340756	3208.09115787084	14120.737676339	1105.468817	1968.46593505398
1::Q00896;1::Q00897	240630.170462224	160594.036233524	207540.297213469	205908.671962583	102893.629306986	226619.7551	239609.967600026
1::P08607	160614373.995845	335175557.816106	322179897.46491	225625207.130555	102704700.481186	293229858.6	309222851.607839
1::Q64514	16420.7441276465	123518.128002345	37661.7649829901	47620.6972065415	31485.3247539381	204857.5044	71186.2103410215
1::Q9Z0N1	6585.86864154839	1717.3989849401	636.502056446951	3894.89505156143	2498.6829107857	5382.638455	9628.38561030371
1::P29351	18567.8151432256	21857.4766329447	8954.04755797485	23086.1727188471	28142.4955457675	14637.50419	32684.7518190068
1::P27773	1015746.41314135	1414471.4895778	1398133.40262796	987057.647658276	850778.955112653	1878275.178	1748399.63177482
1::Q9Z1R3	52024.510550549	69757.3708964383	29250.7028212048	6587.73559049708	64112.3097438524	6565.881681	133612.46471352
1::Q8R0Z6;1::Q9R045	218857.281393588	369381.31693937	394043.971987857	192271.380915204	87757.4073485728	753709.9244	839388.81830672
1::P51437	453597.085175904	558050.307933211	385872.865218795	324737.358864625	210535.405416094	135750.8323	875092.067510815
1::P22599	1342313.53393171	1188980.05137158	1076561.03624305	1157017.50034583	687606.479171753	3142876.342	1984602.78367253
1::Q8K0D2	1067064.58414138	876580.213545027	1059283.85559704	863792.892571849	751958.777746468	1078594.258	994405.901832931
1::P80317;1::Q61390	31130.4539262401	40429.7770620088	47755.2245170538	38992.6990419442	14713.9009031148	135549.7429	52668.0777651538
1::P62827;1::Q61820	1317074.75143267	1147091.38484284	1075221.51741551	1117863.50207665	530222.668739071	1747359.302	1069867.09320122
1::Q99MN1	31393.9368892417	46705.8546534412	38046.8387649954	23916.2301776075	18631.8246847569	63481.53926	56520.3240098325
1::Q3SXB8	958695.136734397	1516586.20633056	1457253.68736767	1192950.00380023	735106.326774921	2461355.134	2353176.97127669
1::P01837	108085.959371511	154538.869779841	184145.835609801	214683.18633123	91136.1725054937	242421.6197	413513.378041912
1::Q6P5F6	10399.2145183182	32100.9360542794	25480.5589489511	22964.9022745204	18553.6581755944	24907.67558	45185.9261594927
1::Q3UHX2	35389.2213881386	64101.103501646	67075.2235077604	33154.8436747519	22507.0570944319	129861.1476	68849.3001987288
1::Q9ESB3	306238464.918561	549136133.697727	586413399.421352	382330923.327984	676638142.780592	439398035.6	542405398.363153
1::Q05117	170661.552520719	154986.280909134	194613.182264745	184382.196641899	156017.4063803	180007.078	173786.342679558
1::P28665;1::P28666	1817831.66495194	3322968.11259532	2593833.87687924	1626315.95688543	1390936.4515748	3655355.035	4426345.95377922
1::Q60605;1::Q8CI43	332731.381052892	666244.667630108	653742.496742798	309281.840481891	90964.6609859275	558778.7336	683674.514150274
1::P59325	81079.7898213901	118758.62182211	105078.991146308	52330.4315683095	46433.3353194497	184551.0761	131057.321903854
1::P19253	20582.9391496869	1366.44362480888	1.19399272555979e-05	31904.3243812747	16999.9235704319	948.1959534	1.68840753211933e-05
1::O35451	117201.875301956	225799.322260665	165666.260111426	171532.016230702	188504.397813709	219330.4039	182194.849241929
1::Q9JKF1	56260.9315680822	91171.798680147	90384.8815392972	56589.4203409857	6578.10985645372	115163.7373	68700.8235482548
1::Q9CQJ6	29754.7451343735	69430.5240876048	53382.9929102086	27517.9742566061	26706.8515981478	93994.86422	57443.5207664861
1::Q60847	127853.775016261	120295.622431917	127975.786779283	160227.333211971	194693.397905733	128573.6664	169576.340370725
1::Q00623	15962.8645961921	14226.077141563	9424.30863510567	28376.4250651729	7364.61450600289	14805.30691	22702.8527040826
1::P24369	136668.148541395	154518.988775874	227363.113334106	151417.63218075	79788.4242903964	213778.6288	189503.417222548
1::P19221	9415656.15449726	24515658.7589779	12887885.7446095	3265397.98096622	6713954.60006688	25508419.12	17484698.121223
1::Q8BH43	19733.8393250762	51144.7962930537	35043.822061114	18200.1810089922	14238.2975030782	56899.45564	52521.1457880787
1::Q9QWK4	2998.99549650366	4488.96244033526	2640.05256516035	2581.94982664146	273.626297083382	3450.532076	13865.8280247181
1::Q8K003	20935.4059899787	50837.5268382774	53765.2105660948	17171.64482438	25213.5613811032	55249.52325	51561.3116516748
1::P39039	111755.23864871	148041.675124451	156815.258064649	210800.607990428	180695.484437341	182762.6701	199598.628726884
1::Q9DC11	96841.2668407207	146110.98010234	170227.227310783	112342.227525619	95773.1214098243	113717.4503	323284.81772974
1::Q61268	119127.21788497	238336.967828687	105500.039463477	92864.6293617264	148674.021694578	57685.39651	422000.216921011
1::Q61838	1145143.950995	1090597.38393003	1198156.96025906	1025427.11920956	711682.834434993	892212.1114	1858518.82381803
1::P11983	14861.9820501286	28099.5895867127	28436.6113698239	4979.84314885106	10077.8278406345	50484.31197	18854.7291960318
1::P26645	62801.6913767557	60826.4070461966	61797.9201577857	80112.3811069833	59253.3009711715	45274.68618	86894.8565731048
1::P62908	40313.5313282576	34133.2824697689	42786.5795459878	67477.6805523067	23114.9321650907	61194.98702	43296.4345074772
1::P40124;1::Q9CYT6	425522.395393713	874414.971867623	542677.342364928	387756.055181012	246663.802861079	764837.2642	568975.23234836
1::P57776	33639.12422364	75454.5234506148	88754.2617212624	81447.8079151998	15125.8669836863	79716.81226	100382.556746988
1::Q9JHU4	406038.295064203	261532.082151095	241761.441881212	428334.300348365	484391.414893652	141960.0675	227653.392654681
1::P01592	36854.6667241264	67795.8489798746	70630.09470639	44211.0465993835	13928.7455482487	76147.53347	150601.022356645
1::P56716	420521.384894238	409746.290707095	487104.09444058	103523.700897039	260121.255814677	364097.3959	721079.198807846
1::P31230	23291.9141183799	46117.5511785448	44352.4018922233	25696.3018520006	14908.5412524934	76255.28597	45681.2445519632
1::Q8CF98	362340.443700436	479720.990449423	477862.540238855	481595.263945497	252921.483317324	842562.6366	698746.836846655
1::Q8VCC9	173515.975209198	226598.398486719	338316.117288656	237008.225774398	158952.933973513	298689.4734	251710.020715999
1::Q922B2	23778.6847666711	36695.642527166	12193.5548918632	29631.4048165141	20653.6381488273	60110.78792	20881.6576601477
1::Q6WVG3	379741.377740812	622891.968659956	648870.111166768	474493.930237877	490399.437756126	679928.8163	592863.316985032
1::P14131	34739.6996581456	24715.8864163377	37172.5709041012	72218.1133262766	20477.7144676437	67341.85064	20105.452903457
1::P80313	359768.95255799	509827.034380378	584397.609561619	350009.78390442	173812.643862785	745025.8766	445129.537797538
1::Q9D0R2	35888.7216903006	63121.8604926795	60566.0972652075	38902.5607077022	23117.4431222838	100765.3775	64813.7543709802
1::P16858;1::Q64467	87196.0091478281	54872.3339246891	104464.004739913	86747.3985580655	32644.9458326993	221285.4251	103201.336153366
1::O88947	191496.599769187	318648.072404892	264763.837347157	234443.677007126	184774.442081638	209129.0994	374020.945391132
1::Q91WP0	69471.1009879439	28154.7294551407	14750.9523888343	185352.10223536	108988.54376808	100335.0197	113060.604946042
1::P21180	13688730.5935957	11631101.340878	8173686.31034758	13176486.7863342	16950543.2667318	6958831.733	24444674.3085544
1::Q61704	705367.243078966	1198835.15225953	1724693.6416249	1616584.64399785	414343.015301358	1560428.784	1998966.1408382
1::Q8CG14;1::Q8CFG8	1009948.01936037	3211786.73919519	3048903.80008467	1644639.00161842	1265654.96930793	2265114.878	5311192.39396587
1::P42932	26892.0263264719	42084.6867098	43630.9620316395	34057.289113313	24763.2649774343	78232.76248	31228.6118249873
1::P50580	159664.747338507	183888.708872467	235719.755468587	105207.378734805	78887.9616843803	386333.1084	208267.988850064
1::P60710;1::P62737;1::Q8BFZ3	212895.447026908	226373.548966071	315372.811448106	360631.034567002	240746.355467383	308857.4666	419412.227375345
1::Q9R182	2061997.8600873	3294447.46452354	3088696.15325644	2270452.53754861	1295503.45935042	4537002.141	5038779.62036617
1::O08538	350737.672346673	573435.675843895	411978.621026814	287421.305259868	191988.866537801	586167.1511	462517.596688801
1::P01631	64463.1162909551	36460.3730461537	43883.9478371151	107225.719976304	23986.8637961647	98354.93225	146871.223022504
1::P62264	270692.124143174	23590.8935580247	28793.9046902425	207374.545243987	171844.196909981	79110.42768	55716.3522093908
1::Q8BND5	127242.983452272	74094.3135524177	180293.151820404	219429.198702963	61839.3402407662	188681.9063	198216.074530801
2::P00924	11598975.7994643	17306799.3499371	16348653.6483265	5603496.43864833	9361485.68083546	13234468.93	19325774.1300804
1::Q9ES30	204993.46761771	423202.996248654	387289.460575141	282769.081522732	239184.955703085	329712.4438	402843.937954018
1::P51859	30221.4332026454	66692.3306341035	38900.3450266602	24880.5993659604	33240.729580204	46333.26554	54280.4158012051
1::P06683	1752041.47367538	1136384.66287208	2219520.24866341	3088078.63954443	1366617.11778337	2484979.261	3374147.97465735
1::P33622	476376.110794695	1783763.09274501	254976.992518233	98794.1539017244	601111.134952802	69240.20102	2358416.30414616
1::P47857	46364.4709743967	38701.7321971679	49859.7075832011	36524.3554264978	41754.5433075888	52721.08895	31129.076874806
1::P58252	35027.3093704285	6573.52283660687	24478.1180703954	35580.2697119239	72270.7718287405	11721.14981	8101.90331506525
1::P62242	227907.225070311	51068.258430919	61262.2018299674	189939.280528764	192653.34312347	83775.41571	68847.8313348281
1::Q6ZWY3	18872.001516552	12072.944419751	4574.36011904555	29470.3234697575	12938.7650567626	22911.75143	11329.5814416078
1::Q8CG16;1::Q8CFG9;1::Q3UZ09	672907.230102225	3131958.17859626	2425128.51711423	1027951.83133108	832605.904600809	1381738.172	5445117.36398653
1::P63158	101091.463877282	163363.548296531	173450.156830578	72003.9615292923	74456.0002517994	205533.7309	154083.307832671
1::P14106;1::Q9R171	25400516.7122727	30449100.1936577	42911005.3846392	31312816.7070084	7706265.6575456	55270652.07	60538324.6494066
1::P98086	27028017.8330857	42205834.8175219	46543116.5577417	33677908.9467344	7222143.06346954	69381430.67	73625639.4405474
1::P62245	16035.8049085668	19499.1048528612	25454.5342536674	14530.5042121569	11834.5116446116	35726.04845	17056.5321537008
1::P25444	60215.203034551	45513.7995527339	62418.1151783471	85438.0476657386	26000.1478277096	150744.6607	66702.6693642872
1::P63005	276790.439563948	368444.897351097	417943.98443944	245262.585610073	199391.441393478	556674.7254	386310.518369247
1::P46412	10150.3281146127	3265.08646091014	43008.7835861823	9310.04998817756	21452.19274382	8236.450177	8946.23864859345
1::P56959	23207.5423524948	61182.6078649232	70215.0563516049	34880.0203530759	26054.8262835396	49536.7496	66256.0184747263
1::P29699	656029.714170269	910522.566908894	1086913.67434526	921576.79931509	440827.960210034	1373881.085	1571507.83573379
1::Q8BP67	119941.998625057	33569.2744492245	30841.1484018224	203657.697010556	165732.469281423	31737.01836	52900.6697982972
1::O88783	12228557.5182542	15657792.8965881	16842756.7208471	13943386.8511046	8866131.97753026	20815920.37	17574983.5359574
1::P52480	40616.2577529052	38745.4447622549	50369.2564918775	71101.7810885775	46917.1231192334	59662.41445	67012.8012938502
1::Q9R0Q6	76074.7810166793	108454.419691112	84640.6564447788	57742.3950310208	39888.8006699638	136757.3431	105924.82075805
1::Q8BH35	285256.366332785	345260.703240212	466831.025931721	449620.982522357	336030.135702018	433694.8395	497068.942010641
1::Q8BH61	2211889.17513317	2153815.10051491	1838706.52882561	2723970.04690256	3154706.35636984	1650478.57	2020217.43588631
1::P34928	357550.772597494	597510.970235483	131240.535655492	72310.092842965	137099.463921384	41858.2383	1481880.80302236
1::Q02105	35490262.9181552	39251734.409758	58125989.7929431	43253036.206241	12815617.6200866	71727739.1	79925028.7979687
1::O70172	23031.4103033813	34638.1446330238	34818.0608658516	21630.7071585663	18901.9296594198	37654.76755	31546.7793418657
1::P01872	879373.825342562	1302125.97493384	1428931.59844293	1670966.09342681	187092.189683874	1938786.474	3849389.88630145
1::P51125	42232.3466174523	51345.3247745781	46671.1538064905	41719.6766862413	30107.573026866	55114.80205	67011.1326069181
1::P20918	281581.61193755	332976.784311069	377866.449806546	342164.30479113	264282.165100356	409689.8857	374840.980109891
1::Q78PY7	36612.0663801036	69473.6336856814	72661.9563649055	21826.6890738628	8498.13489927723	79672.80739	63387.0732557111
1::Q99020	74663.8473834156	131735.968119399	120321.631458877	65934.6293451034	72955.1815529608	133085.0282	109583.026952824
1::Q01339	2082681.19410196	990963.853112892	1484768.04498954	3369571.26216681	2504487.65717855	1320230.101	1651736.67681946
1::Q61129	124912.6659455	173498.136497441	230163.032364906	246037.831325253	158100.361679549	185326.7778	309341.195637421
1::P40224	44439.3002351092	46940.4128825177	66286.2536633253	36979.7079519875	10821.0850707766	70923.031	75208.0405590237
1::Q8BYK5	17698.7178398746	14276.8112016783	13839.2390892577	22004.3802472256	30461.020357318	5317.606017	10743.6463688452
1::P26638	59644.9181446137	136200.664969981	76684.8269820331	90048.7741530398	34293.2521179904	179396.8291	102600.312424084
1::Q9WUM4	7104.27066697055	16822.2787871787	21885.9767223823	7355.92037349552	6736.6372654299	10599.11469	28244.9399557595
1::Q9ER72	837.95593597743	12371.9734470485	15849.4687875467	10230.3633974617	3437.14278775751	24713.98381	5315.0376593883
1::O08677	101037973.381033	139727204.987456	174101313.180986	115369087.399668	123585887.63513	135329104.9	147351250.757377
1::O88968	841483.046972462	1193608.43777649	616007.838635252	873238.251048013	1310281.82151977	405725.9636	1154421.85725398
1::Q61703	110412798.30917	165084094.621621	178144351.887439	147959036.640178	145936899.792708	168568243.2	161697784.056339
1::P80316	87002.1565249626	162238.335936657	104966.854418085	70966.6551100519	54030.3277175476	194109.9775	107351.801987758
1::P61358	10925.8797643726	24689.7526378786	13397.8289813234	18174.8404935585	13044.0477985418	21457.0671	17727.7566264262
1::B2RPV6	700786.26678356	1025096.48052774	1151640.0129533	395801.520109009	243245.779912148	1394874.283	1225741.36249017
1::P09405	108175.414450671	140789.629869298	120697.343836437	80736.308390897	53934.1788078426	165467.9263	143205.904326579
1::P80315	35514.6883691109	63797.4490349607	41138.3108319395	35438.7812774402	21243.3597332188	92040.54753	20551.4029688195
1::Q06890	1421258.08440568	2484344.10897545	2223044.49490383	2293280.30810217	1376424.33350599	3325093.074	2368838.42174005
1::P11031	49424.0795263615	77988.9735483004	62778.5627409884	25901.9165143786	14278.3701652839	96452.10662	58819.7351948954
1::Q91Y47	5630714.28577303	5807148.2871185	6619963.65834027	6179538.53740901	6735194.89933016	7422159.465	5396697.28031672
1::P63325	26054.4689871248	32315.9224630505	53439.0597280996	12427.0860681888	2706.18656618084	55976.86482	39951.9882754865
1::Q8BP47	64007.3499645099	180042.279384988	104468.416614674	61740.5136553751	44116.20921954	130293.4238	162928.719104082
1::P08071	5921137.73394094	6930085.07996674	9908122.08249023	6171790.9913552	6998860.19079257	7601375.212	7982094.29478935
1::P43025	9582649.69419117	14225909.4217891	13346181.2021492	12762433.9831229	5268064.53642809	23032778.88	17291825.2505619
1::P62900	40122.074679427	25260.3054030766	34462.2543409946	20864.3676258205	18384.136192205	68490.51191	11101.8189276809
1::P80318;1::P60334	108707.806028982	151082.598048596	111739.050451076	71583.9621366216	42208.9608141731	205085.5037	124787.678218086
1::Q9QXC1	13985.1966761264	15078.3457086452	17450.8179097342	27132.8441389867	12555.302735913	20726.21015	28282.3598448646
1::P80314	68275.6736799356	131678.40332563	98830.7540216995	73540.4831434387	24776.6867025338	190034.6243	99720.2575003911
1::P01027	2229636.08122404	2051009.49721024	3639708.73030208	3985271.09892295	2229093.3708048	3150437.698	3841096.02159746
1::Q8CGC7	73459.5430352981	101295.161206436	111199.048710175	74423.6940340061	33178.4340283166	153060.6508	114394.159850252
1::Q8C8R3	50821.7254283693	36818.1996222765	43376.4216237554	40492.161468957	20689.7411122474	52039.02247	73407.4983692828
1::P51670	495436.206266385	685483.862594714	782816.750979031	571886.534502506	554505.337029857	699562.6901	736465.361176731
1::O08638	8.87118512695765e-06	1.17739399057964e-05	1.19399272555979e-05	6.94639037200185e-06	7.24387013631824e-06	1e-05	1.68840753211933e-05
1::P62918	8.87118512695765e-06	1.17739399057964e-05	1.19399272555979e-05	6.94639037200185e-06	7.24387013631824e-06	1e-05	1.68840753211933e-05
1::Q6URW6	8.87118512695765e-06	1.17739399057964e-05	1.19399272555979e-05	6.94639037200185e-06	7.24387013631824e-06	1e-05	1.68840753211933e-05
