0	1	1	1	1	2	2	2
1::Q61805	23.0864205687355	22.8277350921446	22.7243818628199	22.960114201637	20.5284501471931	19.9751461798946	19.8732987431056
1::P05367	18.8721993541396	18.9431966158536	18.4161921390479	18.3861990418661	14.3595891925334	13.7067123400954	14.1693204821077
1::P05366	19.1240963100949	19.1192635845961	18.6335514154157	18.7741803205836	16.2615026662999	14.7091295744092	16.4521178659882
1::P10922	15.0430719697384	14.9252694583396	15.0391067280445	15.0405161348973	14.3970358976896	14.0759546282532	13.854268230025
1::P05017	22.6454454287526	22.406276369852	22.5055871709865	22.4776602485714	23.6292831118036	23.0536221608013	23.1042288992685
1::Q8CEF9	13.9770692807018	13.668621484719	13.7264919770687	14.1369763198727	15.0927986030209	14.6917748136931	14.9056879845634
1::P20033	15.5542748668298	15.6889576633614	15.5240788797017	15.4245664805882	16.4678932696861	16.3917411864554	16.3566234933095
1::Q61646	18.4059182295692	17.5838743459197	18.5060141002008	18.219035081253	15.9068691700642	13.958026148752	14.7768753872634
1::P47877	19.2089080386727	18.8106280976876	19.3299339110032	19.309601378788	20.7939005473612	19.9912364809387	20.4305328194169
1::P48787	16.1901366624996	16.3980325114741	16.3567682287403	15.827543332486	15.2189722917095	14.7281850323687	14.2920062273878
1::P18419	23.429231155624	20.7327396738865	23.4174273151865	23.9973539630831	17.5666122670858	17.4058333833617	16.7189195837828
1::P27656	19.6220129192666	19.3941068278851	19.6658993574233	19.5365851872962	20.8616814789091	20.0989142946402	20.0523775143471
1::P98064	17.5019595686509	17.6076116378487	17.8546190317187	17.7730568660488	18.6574315268518	18.1029550859218	18.6203537501136
1::Q9DBB9	20.7942009886693	21.4056865619452	21.4194418715698	21.4546887806935	22.730883763442	22.3941725138572	22.1843292554031
1::O08692	19.0980809748751	18.2632404061068	18.4076605945781	18.7843863060395	17.8025235797696	15.8947956544014	16.4071187006533
1::P21570	20.2314200827196	20.0174767102026	20.3343479626053	20.0673475093309	18.7894614469572	19.0319672020315	19.4203254976459
1::Q8K0C5	17.0285099940384	16.5001311074821	17.1804535547782	17.4602579385468	15.2489418389619	15.1908261775355	15.2279216379305
1::Q61581	18.3258027224211	18.3721847515376	18.6308071626799	18.1971099938919	18.9908239774831	19.0065560980893	18.9705049200474
1::Q9DD06	20.1523529309654	20.1719723864461	20.2207678605687	20.0650889526976	20.7095699919251	20.649274868607	20.3915988440061
1::P32921	16.8330223460158	16.5615955923618	16.4360590412218	16.8016802857643	15.9358684597345	16.0318278151347	15.5655122366295
1::P50752	17.1607162677603	17.5694421715514	16.898044618085	16.5222073081962	16.2160094284785	15.2774077518521	15.3426895857888
1::Q6ZWY9	19.1431978030903	18.6990223432206	19.0321300633693	18.7665967685937	18.1714385041818	17.9091288535255	16.4984034375577
1::Q91X72	16.4020567488981	15.9333633111623	16.5445410579569	16.5180700683951	15.7658633408725	15.1596161291105	15.4378827469538
1::Q62151	13.8703743426669	13.8749274069651	13.7857907935305	13.9052412832532	15.2871483053511	15.9936799840984	15.8743436117521
1::Q91YW3	13.8699219541183	13.6141114970802	13.5258546940257	14.0041119836253	14.5172281439922	14.2037863609035	14.2911900065186
1::P05208	14.9950757438402	15.1119957082888	15.3294574147922	15.7344610703573	14.2136329906051	13.9795555717771	14.12709033169
1::Q9JKR6	18.2353924407792	18.1108385706361	18.1549416256468	18.0982212272892	17.6469748881297	17.6683286972662	17.769313935911
1::Q8QZT1	16.2460123198474	16.0059106999913	16.1893873759139	16.5342874829809	15.8735277848523	15.424393609509	15.0012570451832
1::P48678	15.1087807881206	15.0999275477414	15.381896408927	15.1885896354894	16.0761586528698	15.3576192456867	15.509367042109
1::P70274	18.4666948029537	18.4129134931526	18.6631306089215	18.2354597774926	19.3482234995911	18.5518048337256	19.4766902466584
1::P11247	17.70890978543	17.3584501099779	17.7116678906122	17.7159797188504	17.5376537182055	16.5841357947503	16.6094036940002
1::Q64487	18.5507008622425	18.7240109315241	18.9987508807999	18.6349794062985	19.2337837778109	19.3051837238436	19.3433999026365
1::O89053	14.2697011540808	14.1524953074614	14.2493451361529	14.4513835290725	15.7767810309384	14.5725109498584	15.0106305590103
1::Q99PL5	15.2638730229462	14.7824284649102	15.4059192193373	15.4181124753808	14.8335366730676	14.6138268777129	13.9866766887761
1::O88803	16.2769505285824	16.508153250568	17.1629264118564	16.7879155967795	17.3739798592877	17.7062983114719	17.7028591427615
1::Q9JM99	22.5080116758347	22.4149825495378	22.2781791335239	22.4364527272141	19.9738376357479	21.5519021717207	21.0815412935089
1::Q62009	18.7212318301339	17.977516629508	17.5762490395106	18.4660856734073	19.5600141981114	18.802749350018	18.737070182438
1::Q9JJH1	22.7626394945231	22.6461133965047	22.9483955398475	22.9070271599338	22.0967485152873	22.0873161845625	22.4109807656456
1::P26262	25.1966083386909	25.0019173025952	25.3006421602404	25.2569899272369	26.2119183526628	25.4012496563891	25.3457632675187
1::P97430	21.407320008057	21.581422453089	21.5887442234785	21.2916531333357	21.9629245321261	22.2600673057486	21.7578998642912
1::P31532	18.9723821658791	17.4586306217653	17.4658927938969	18.2158077073452	16.8464615469532	15.8749910554615	16.6299894393266
1::Q8BH64	15.879934743869	16.5971871545208	16.1666461739053	15.5570800836953	14.6918767778536	15.3864135838709	14.6112165898332
1::P0C0S6;1::P22752;1::Q64522	16.9635456672865	16.4211311028096	16.679827204277	17.2502056953608	16.1570410592279	16.0922779153971	14.7554330493813
1::Q8BWT1	16.6885442329318	16.1654666207755	16.1668101162579	16.4555555250807	16.2599639581325	15.7250898955251	14.9413720217357
1::Q9CZU6	19.7544001290666	19.5870124619222	19.7121658632825	19.7518991526806	19.5910792434009	18.8833255481773	18.1404555680892
1::P09535	17.2741960778493	17.7911357564933	17.3498747403911	17.3267535094292	18.4802606941358	17.5748809441086	17.7274872400464
1::O70410	19.5244290564828	18.590723719748	17.3244099848615	18.9584050056773	16.9794280235542	15.7272244462879	17.4527019095071
1::Q8BK62	16.5586077235836	16.8381708598387	17.0489510161769	16.8291075731757	17.3426674932839	17.5613711435249	17.2674552642735
1::P32261	29.8614712384053	29.4096215091723	29.2488279024381	29.3781773816493	30.0596786715385	30.0508396085609	29.5975362989494
1::A2A8L5	18.0810365422153	17.5718437215586	17.1685447466519	18.4009513778518	19.5460299193434	18.1571625704457	18.6637213298602
1::Q8BGD9	15.3388905606689	15.0551713472897	14.9812087073217	15.1734913816638	15.557914221609	15.793456455465	15.6992010762079
1::Q8K1M6	15.2870094505215	15.5105470347312	15.0678823216016	14.8372591752804	15.6264713720267	15.8649128743855	15.9883559825205
1::P47880	19.9075932882783	19.5837273542765	19.3616535869234	19.8011693963747	20.4727852571058	19.7086778924582	19.9088819210398
1::P47878	23.0871916095365	23.2383813176444	23.1136172990165	23.2768635539856	24.0852715456234	23.1898580982699	23.3377928995756
1::A6X935	26.2211018906808	25.6241505334889	25.0517109577461	26.7061357710354	25.5396838247091	23.1255177582325	23.9420353962226
1::Q71KU9	14.4426778027986	13.9975865104737	14.4164939222175	14.0799216600642	14.5130862691657	13.6287330405952	13.784914464611
1::P29788;1::Q8BP99	22.4933211663781	22.3489389252294	22.8717965186209	22.4811133346594	21.9530712101883	22.0547370056644	21.9846560177597
1::Q8VI78	18.2113800806036	17.672335314021	18.112243214093	17.815642177316	17.4634839626343	17.5956482652209	17.0894006868066
1::P11276	27.1851463467829	26.7784148481894	26.6455395936163	27.4749505781274	26.4585327327987	26.3805396843972	26.1460645560831
1::P07759;1::Q03734	19.889143152947	19.4631918243077	19.8719201960945	20.3667254827889	19.6575770739932	19.00008529951	18.6500205126707
1::P50228	14.16341000086	14.4713903352563	14.4848841909308	13.6517828152765	14.868286084044	14.9827711975589	14.8898832423695
1::Q61543	14.449553701493	15.1161053503929	15.2745352013822	14.5300439780441	15.5093471712915	16.1086151377801	15.7172761512345
1::Q80YC5	26.2826141326391	25.6249070981891	26.2229147899842	26.2263848816944	26.7119719256648	26.3877487445197	26.4117557487437
1::P10126	20.2685723689234	20.5192364218486	20.3783924871334	20.147944855764	20.1341405184381	19.9436478892333	20.0322592904536
1::P01867	15.6480846225224	16.0153943033901	15.5759767777329	15.1997252029928	17.3742233612363	15.7758331636151	16.3392767901693
1::Q07079	21.7046221366685	21.6266849833959	21.6370808205388	21.8380830199022	22.2908889188469	21.6551740667499	21.7958182365508
1::Q91XQ5	16.7839787368988	17.4231726290372	17.4510241603964	17.3884865313609	17.6457256045614	17.942284616973	17.9734142932969
1::P09803	18.3391648801024	17.9994285462615	18.5707624273075	18.0645126211329	18.3064715587416	17.2742211283246	17.5464614120949
1::P13020	23.5838748542092	21.5801068148717	22.7753521236088	23.125673547954	24.9517496206481	23.1114013503989	24.0999777181477
1::Q9JJN5	24.6969769646198	24.5833455325265	24.4442782141198	24.3112673241378	25.4765695340084	24.9278544365909	24.3708284033257
1::Q6YGZ1	15.0163903959827	15.0516851639202	14.9357541853601	14.6634189323495	16.0747504661221	16.3973137470688	15.1315626063881
1::Q3UQ28	17.3493498763086	17.8437141645961	17.0209290141245	17.5026688325915	16.6498803924546	16.91282714273	16.8964250005862
1::Q61508	24.7535390888226	24.6280182695309	24.9466366683925	24.8681084558459	25.4717424548214	24.7854331410215	24.8924762274387
1::P07724;2::P02769	23.124005800756	21.6883178351362	22.2056189503304	22.1661645948695	21.3988857784915	21.2328804689023	21.7963620242463
1::P17897	19.828592091514	19.5387856097192	19.8850036899475	19.9668234972114	20.0887417923037	21.3259793493815	20.5171247037961
1::Q8K182	20.6234931894844	20.8268282601294	20.7938965011956	21.3817266416607	23.9620117763947	21.4054739244092	21.3531142413151
1::O09164	19.7385912665829	20.0866109760676	20.3593865373379	20.0573951395776	20.4238357270127	20.3720262863344	20.6160896646265
1::P31240	17.434379805482	17.6135205333514	17.508700290058	17.299467725088	17.9396173700359	18.5620547320509	17.7426905161576
1::P97290	15.2642164633261	15.4348790586208	15.666353205307	16.1746863684741	17.6920080252056	15.681670932552	16.654061387432
1::Q64739	14.5756684290423	14.7712170845427	14.840798684524	15.0085800275835	15.3049954566289	15.4977322462696	15.173690438612
1::P06684	17.9790890673419	17.2907576797203	17.872694811294	18.4612252336041	20.7893229458366	18.6293532785448	18.2522890986062
1::P31725	15.6438399129825	17.231915098018	16.0712017703295	17.8860128869964	15.3469801076053	14.1900933845149	14.48441352911
1::Q8CG19	15.915648919477	16.3069044655725	16.1445150947824	15.6435072206255	16.0516371915273	16.9319073713467	17.0336064662252
1::Q4ZJN1	15.6670498738901	15.7649366930914	15.4722472490597	16.1032980217186	15.8231013815778	16.6388416930505	16.9428814506621
1::P26928	17.8647710906356	18.4619531073856	18.6666128619696	18.2345172584278	19.4359543871163	18.1806824651969	18.8052194755751
1::Q61247	18.5940472326199	18.3826166390253	18.5744224991289	18.9139876605963	18.8654282640139	19.0289222987473	19.0415091155985
1::P27784	17.4987126140405	18.0805921729883	18.2189344156173	15.2062740478942	15.7025263254052	15.9313958911996	16.4334111329392
1::P60867	16.2180388686754	15.2482683553528	15.2853266988564	16.0148275974612	14.9729790161018	15.3572299756904	14.8910068740268
1::Q07456	26.9217247361441	27.1264603382539	27.1449864995054	27.1834547663995	27.4608478187145	27.259085659236	27.1382431149917
1::E9Q414;1::Q9EST8	22.2995567239879	22.4460125032895	21.6361924314344	21.7511588313045	21.10839314768	19.5923055354564	22.0766935007331
1::P26043	18.212284947774	18.4340520920133	18.2944179868528	17.9882690679608	18.3434055381509	18.92375587783	18.6567398015686
1::O70251	15.6469849791812	16.816034244382	16.6067078963011	16.2161744889356	14.6715426816487	15.5160508828604	16.1509710525546
1::Q921I1	20.5193387332371	18.9278174818834	19.5873196725546	19.6697881108801	19.4588386668848	18.2907897938745	19.0503991594376
1::P47879	20.1782928788478	20.2525019161497	20.2389993188878	20.0900108704605	20.1911210560952	19.5712005502432	20.1079967571347
1::Q8VCM7	29.0515505724421	27.889395627258	27.523798663919	28.6546644626137	28.4447278576247	26.6172005383661	26.8759987847896
1::Q6ZWN5	15.8673821851708	15.0980928049265	14.9156859266083	16.6448355799275	15.1884895684544	14.2319947488682	14.3198146640357
1::Q8VDD5;1::Q61879	19.8386045659252	19.9299538655843	19.5128341472268	19.4286827214705	18.0429899522203	19.1965926253566	19.4224349588624
1::Q9JHK5	19.8543196392418	19.9021711675144	19.4769363755511	19.1900788057262	18.5259042360442	18.8771684526808	19.5465257760467
1::O08842	15.5896828553786	15.9241464656486	16.0133084141466	15.7387261203496	16.1741954328218	16.8628573594578	16.1179318626259
1::Q03401;1::Q03402	17.0057249930321	16.9678567214028	17.3555235118209	17.1455690230357	17.4837873744066	17.8302219652847	17.2189256408487
1::P14869	14.4309304666686	14.2110728398882	14.2379516104474	15.4433979247172	14.3957570836387	13.8092745253068	13.7649665728312
1::Q8R429	15.3744033339044	16.4222126340866	16.3186792837174	16.4149204586057	14.262804623791	15.2041350507978	16.1197858001006
1::Q99JY9;1::Q641P0	20.3793656457753	20.0249858560856	19.9115855385844	20.4120221292579	20.0960766411414	19.8601015439373	19.4817032581018
1::P42669	18.4554785674343	17.913634729854	18.5289184236729	18.3628355782229	18.3794565131515	17.8908530702314	16.8767461693929
1::Q09098	18.8860922226513	14.9820109682431	15.4547000762944	18.9393306488914	15.1520717179517	14.4517276495465	15.1043938025049
1::P20029;1::P16627;1::P17879	16.4768906750168	16.2137500233788	16.2380879302011	16.5384052892252	15.9673037663263	15.684488953883	16.379410938763
1::Q3THE2	17.5643376196509	17.8951173330038	17.6765457421792	17.0744643787171	16.0464884182329	17.4268624325684	16.8998507948028
1::Q8VCG4	21.0845549831485	21.0621181209069	21.0243598025827	21.2179703547181	23.7225404205434	21.1736876341405	21.0660765876395
1::Q9R098	13.9359227881199	14.4005709946849	14.4470631326494	15.0716709564236	16.6766123379589	14.8845454058682	14.6992406509855
1::Q00724	14.862841591874	15.9829868861977	16.5598415549099	16.7942333124178	16.6506290056824	17.745845251359	16.6851680281288
1::Q60817	17.0591893799049	17.7348706132585	17.4735554129778	17.0294400946876	17.8240627473501	18.8267062744675	17.3681547389839
1::O70362	15.6069986203549	15.4896812035965	15.6671743275963	16.5368228716324	17.8818145273504	15.9208855739341	16.2126904495195
1::E9PV24	30.2998872030751	29.5261085966997	29.4841727902305	30.0313897754787	30.3545765031732	28.2581173349539	28.592509314145
1::P12399	15.1791757914639	15.7195786172063	15.7755835432918	15.4847147484979	15.400640955536	16.2602681190624	16.4483008916312
1::Q62446	16.0147431252809	16.69517993053	16.1245675014899	15.8931715062139	16.0400984978744	15.5410455828827	15.9880536035389
1::P26041	18.9868093525707	19.0839269416081	18.1818971965273	18.6840574490299	19.5061760193046	18.3679314696814	19.6243286134827
1::Q07235	15.8793396756269	16.7226472723263	17.1554760238037	16.160842199089	16.2479543215155	18.3679519122022	17.4236136458453
1::P97298	15.4319305873218	16.0592650952706	16.3644769162893	15.7038841625109	21.152383165934	16.4034369809383	16.4832567597294
1::O70165	15.4640465859768	14.7873066477483	15.0302748195214	15.3456713020078	14.4848796095376	16.2511048146663	16.4209938377597
1::P97333	19.6707987563815	19.7757187183467	19.8748094972225	19.7473931892618	20.1153536820935	19.5011512044678	20.5553406058134
1::B5X0G2	16.6986436026044	17.405852702272	17.4491466905413	16.9391885948362	17.1541011002052	15.9937690544748	16.9337082331795
1::Q8K0E8;1::Q9JJ59	29.4727947003727	28.6252178306954	28.5557102274876	29.3615337151842	29.5509728542534	27.3823331534121	27.8039981257138
1::P02088	17.307499668806	17.5140286144335	17.9229442933548	18.132173541194	18.0572355026843	18.5571634474277	17.8500283540159
1::P01029	23.1966533970925	22.8492264117716	23.5645576747859	23.5535638203939	23.8547377375527	23.5067273033908	23.3107320937064
1::P70389	14.3282017420077	14.9713974683265	14.9509621758575	14.967216611003	15.9956982735229	14.4472034550289	15.2942067814866
1::P61161	18.8114206783974	18.7372078752409	18.4454674968475	18.7728821399745	18.7774110824663	18.4878606887521	17.9126851994371
1::Q99MQ4	16.5056103858518	16.2720982821523	16.740584706341	15.030192616808	14.5995099743294	15.9645743772715	15.7387168648956
1::Q9Z126	25.2410819261281	25.0910448575276	24.6118469613441	25.033335239711	24.7116656680807	26.5299189756976	25.6152830433372
1::Q61702	27.2835665297235	27.6441819041459	27.6832922996408	27.663590844187	27.5322803451038	27.3031873478572	27.0170091570954
1::P06728	16.537214904216	17.8228743454755	15.9366474165611	17.6416947785035	15.7215328724011	16.433264137142	16.6475815787014
1::Q9CVB6	18.4081567764426	17.9453192451536	17.5176558999621	18.2405548317354	17.9943312775533	17.8299812484321	16.9020993343878
1::Q8K1B8	18.7380645382379	19.1486186845292	19.0341531536323	18.3846377146513	18.2273144683136	18.4060449853966	18.7365185849748
1::P15864;1::P43274	17.6720110476222	17.3331967186003	17.3989978029637	17.3764246509622	16.6485284191191	17.3336496452666	17.2059120210179
1::P11152	15.84335519217	16.196086243451	15.7874346757941	15.7906998642655	15.6326134800598	16.3398111398571	16.8158213476593
1::Q9WTI7	17.2431124300845	17.5255806598587	17.8931241655812	16.8356491477734	15.8437479677008	17.2020838159431	17.0657382489384
1::O55226	13.9400562932027	14.0300866728096	14.0976594964165	14.2507853177332	14.4995188731457	14.4008464295496	14.2904489625968
1::P39876	20.6611244608206	20.6868916359796	21.2149789365609	20.3366925546201	20.3067457424357	22.0001620779975	21.6690751137907
1::P59999	18.357783617335	18.0814594802945	17.5738956423007	18.4284672519393	18.155408351188	17.8557874154848	17.0856540794289
1::P62631	17.6077339649715	17.7962898455225	17.6784076427815	17.1733153192683	17.2127605455126	17.3250236486015	17.4032409341692
1::P01942	13.6504103624454	16.8204837781444	16.4045354242396	13.6589281455152	14.1486812975845	17.2180410847733	17.292287521077
1::Q9DCD0	16.6872252212405	16.0461397082186	15.8543630018851	16.4255889324133	18.5118054678177	15.748798469519	16.3878825746096
1::P06909	21.3996614326179	21.1154571525121	21.302354247312	21.6294470557374	21.470049928141	20.856869489474	21.033753318466
1::Q8QZR4	19.8411340726775	19.699197221684	19.7677369942264	19.891618671667	20.1432829697882	18.8576801162702	19.5005469524526
1::Q61398	20.127029536582	19.981795750919	20.191712735125	20.3042833795721	20.5444749483072	20.1480584423306	20.0506018478037
1::P26039;1::Q71LX4	18.3389949815231	18.3298337558715	18.5487259326181	17.6298390548374	16.7176051149827	17.784873727835	18.2936741819324
1::Q9JM76	17.1072824076725	16.7792651771399	16.4561665483649	17.2342585543379	16.9565391546222	16.6872992911474	16.1096073417756
1::P62751	17.3834981611178	17.6035011483342	17.6348231495308	17.0705890823705	17.3089935335458	18.0780844396155	17.691393930321
1::Q99PP7	20.4393685397554	19.9324821798925	19.8370000083064	20.3728679658542	20.7810229836689	18.6892148161833	19.3926869288626
1::P04186	21.1027479589415	19.8092057391935	19.8251457674923	21.2716634304294	25.7679237055049	20.0620699016759	20.2581847786203
1::Q8BGZ7	15.4299145405919	13.6872323100776	14.7627956455405	13.9462647088914	14.3458355659981	14.7623099824819	16.5371453070215
1::P35441;1::Q03350;1::Q05895	25.4222214180317	25.3819961982164	25.5452607152304	25.2793256060164	25.1401049699263	26.5939459737229	25.6650200766486
1::P55065	17.0231126112205	16.7413246040864	16.4111645620696	17.4505117240809	18.7065151130654	16.1854520601035	17.2059271610181
1::Q9WVE8	15.1854396190209	16.0161131600376	15.5606702049361	15.2619949968651	14.6635732591838	17.0025575706121	16.0203725281509
1::Q61035	15.9816751773308	15.9027581378542	15.7795956041662	15.5919777899695	15.85653937126	16.4345061897496	15.8595952640214
1::Q61147	17.4863263339454	17.3883728293805	17.7539110976574	17.6993813934888	17.8750411202343	17.1705002278826	17.040549056328
1::B0V2N1	16.9637117924426	16.081268724566	16.2151104312121	16.4477780642598	16.9537808866428	15.9141633992767	17.3198018345428
1::P21981	16.5161882264546	16.252441342967	16.5607394600422	16.8920624972616	14.7236564567178	16.7475158085423	15.9586394263369
1::P08226	25.0243558304411	25.2352232172624	24.4473728060246	24.7951552489608	24.4708953844841	23.753727312886	25.1894883376902
1::P39061	14.5313657089366	13.9650391727284	13.6146469567674	14.5188267204547	15.9449227879814	13.9159653488844	14.1725884715278
1::P26040	16.521419046264	17.1286605966303	16.4388215257057	16.5051441483594	16.9775347564513	16.5472064235063	16.9772311147029
1::Q9WV32	19.7793307801712	19.4200891436706	19.268217224469	19.7527403167752	19.7668924352228	19.0522694431965	19.2298679670873
1::Q91WP6;1::Q5I2A0;1::Q80X76	19.1610257991318	17.9776166585996	18.8091346609894	19.7523759628582	20.3034710174222	15.8332018609425	15.5294583638071
1::P97855	15.7812143993399	16.1385143320562	16.1620454819941	15.7251177510254	15.4753549442122	16.7005345817233	16.4435042744688
1::P41317	19.5437048213895	18.1463751191991	18.1956868278606	20.5358088422288	19.4821101317732	19.8784789304081	19.8615666255866
1::P29621	13.884729238378	13.7864490727437	13.8097688672352	14.0026701867328	15.1864208782382	13.7001859386481	13.9081859401482
1::Q00896;1::Q00897	18.1937896407633	17.3093998584635	17.6230322534525	17.8761220680495	17.2655582102232	17.5701730423763	17.5899776821827
1::P08607	27.5138124983138	28.2256682595692	28.1366396911906	27.8946941142702	27.05230740028	27.8127747433547	27.8187808710023
1::Q64514	14.980937863551	16.9624456207251	15.4979252424774	15.9996615770575	15.892086408162	17.4342567846872	16.0607203497413
1::Q9Z0N1	14.3309453558077	13.7376759641482	13.5953433383775	14.0678757357451	14.3951283072122	14.0314140352565	14.3740668013875
1::P29351	15.0908964310127	14.9885870842797	14.2868026258004	15.228430834988	15.7804337722376	14.5615832322675	15.2467381092747
1::P27773	20.2238862429887	20.3501508813264	20.3015656106082	20.0749273214952	20.1591549233972	20.5380196646166	20.3670804163488
1::Q9Z1R3	16.1909768785195	16.239322662592	15.235250082308	14.2984387482107	16.6802708574171	14.1110697629059	16.8255546621061
1::Q8R0Z6;1::Q9R045	18.0630484696876	18.4493625074923	18.5076038818564	17.7827183386558	17.0643835845028	19.2381224816266	19.324370402614
1::P51437	19.0793105985793	19.0281531638986	18.4783377701461	18.50490666396	18.2108876398438	16.8911457280006	19.3832234586485
1::P22599	20.6224117519914	20.1020736431593	19.9284145764366	20.3016636479157	19.8572508318605	21.2759600882986	20.548136028956
1::Q8K0D2	20.2942715035162	19.6677945189321	19.9053513402295	19.8848720545222	19.9839600383293	19.7464508550938	19.5641127939492
1::P80317;1::Q61390	15.6063209073854	15.6067282989847	15.760674672416	15.772604779425	15.2171801962594	16.8892255017864	15.7253925018658
1::P62827;1::Q61820	20.5952454531065	20.0508926893042	19.9266395836447	20.2524993912603	19.4904260073585	20.434667779199	19.6678181131026
1::Q99MN1	15.6153827974922	15.7673537076077	15.5088783140568	15.2625176722864	15.405377378234	15.95320960931	15.8018587378744
1::Q3SXB8	20.1413828442177	20.449840427986	20.3607822912633	20.3453543669575	19.9518381564085	20.9252772529388	20.7918527384957
1::P01837	17.1124393005678	17.2581343747384	17.4611425992374	17.9331728086916	17.1117849248092	17.6614107841039	18.3339812056488
1::Q6P5F6	14.6186083069766	15.3615515964227	15.0999660341707	15.2233826894908	15.4018528795675	14.9852835360372	15.5641892606334
1::Q3UHX2	15.7462435102181	16.1370038578849	16.1598069544762	15.5958268345309	15.5701243364732	16.8338178156913	16.0224580197147
1::Q9ESB3	28.4448213858757	28.9378936074345	29.000665344391	28.655557295844	29.7720301061323	28.3962459011035	28.6294691834702
1::Q05117	17.7230280924442	17.2619852986637	17.535829950375	17.7257880767124	17.8083798039909	17.2615732297283	17.1644732458733
1::P28665;1::P28666	21.0569272838522	21.5748807096548	21.1870778181005	20.7887148369092	20.8596445280601	21.4928978325541	21.6981943420992
1::Q60605;1::Q8CI43	18.6442605375111	19.2785264465886	19.2197478082087	18.4370442550657	17.109415911377	18.8164500068954	19.0352575043602
1::P59325	16.7402546669516	16.9111949319369	16.720938960132	16.1100145297522	16.3067896611433	17.294732506439	16.8010494352934
1::P19253	15.1869929029425	13.702589124624	13.5258546940257	15.5549691767164	15.3299479184827	13.6864337386129	13.759525086001
1::O35451	17.2191295040664	17.7698143097368	17.3190389670886	17.6279611720082	18.061474766481	17.5260583940006	17.2263477241769
1::Q9JKF1	16.2852922567375	16.5718423699478	16.52896866663	16.2030222277289	14.7244528833924	16.6799586696737	16.0199923793135
1::Q9CQJ6	15.5580595518675	16.2336036371735	15.8887541664412	15.4017541989012	15.729696638811	16.4248190967627	15.8195974041364
1::Q60847	17.3345554197009	16.9279453209179	16.9769134430556	17.5360484668142	18.1050343907872	16.8209766858988	17.1324673877163
1::Q00623	14.956363985629	14.6305806584298	14.3175436524731	15.4330477895234	14.7801374548366	14.5696066518519	14.9310852727306
1::P24369	17.4235466870447	17.2579630176798	17.7472824818194	17.4601273067604	16.9460016535394	17.4915305807533	17.2780535914196
1::P19221	23.4229561350025	24.4532274654171	23.4942414426885	21.7892191890773	23.1197991079454	24.2905844361364	23.6757063507104
1::Q8BH43	15.1472785245741	15.8710488417924	15.4211714065219	15.0096157760773	15.1925694227244	15.8275670560761	15.7223941581618
1::Q9QWK4	13.9954220343672	13.9883849367636	13.7945450659602	13.9405464217445	14.177812332419	13.8910977718502	14.5790950383976
1::Q8K003	15.203162912244	15.8641061038673	15.8970540471803	14.9590013984527	15.6749581559	15.7942792514704	15.702652661073
1::P39039	17.1563366455356	17.201021826783	17.2456781014864	17.908206626561	18.0045679634476	17.2817726296961	17.3465570418901
1::Q9DC11	16.9689405844623	17.1836052593285	17.3554342076438	17.0648321319181	17.1744017988466	16.6638923733272	17.9956353619229
1::Q61268	17.2406882844873	17.8436828338455	16.7260802949374	16.8182309557487	17.7444492892571	15.8431575742826	18.3620741002319
1::Q61838	20.3951780644555	19.9788586903165	20.081072638175	20.1293177348065	19.9059691827633	19.477000765014	20.4543229725979
1::P11983	14.8955100940036	15.227091995565	15.2070924874716	14.165237122459	14.9572514686107	15.693589526628	14.7882240095432
1::P26645	16.4197839320121	16.0742711857421	16.0612739382287	16.6304519976001	16.5868720859392	15.57482110934	16.2945282033397
1::P62908	15.8927407567725	15.4253303196571	15.6372978544218	16.416669325979	15.5943418211616	15.9107915136924	15.5204632081032
1::P40124;1::Q9CYT6	18.9893218567923	19.6642781241282	18.9568031503423	18.7526586191252	18.42667400371	19.258844848119	18.7777926404983
1::P57776	15.6903759340455	16.3355315040544	16.5060014225313	16.6513020516888	15.2381639351226	16.2231130038832	16.4688850473287
1::Q9JHU4	18.923396334286	17.9711061934982	17.8312623877572	18.8922639794882	19.3633606667666	16.949214559066	17.521439393966
1::P01592	15.7914157018849	16.2046555607428	16.2225791234337	15.9141516193741	15.1763227530235	16.1679539615457	16.978686438959
1::P56716	18.972685908471	18.5941959285702	18.804742572341	16.9583704454845	18.4994624100833	18.2190760407708	19.1101748225592
1::P31230	15.3068524910088	15.7530340598168	15.6773290913673	15.333010837362	15.2271323510008	16.1696503927004	15.5754359009053
1::Q8CF98	18.7635779153256	18.8152466298313	18.7778254047965	19.057127283152	18.460977710899	19.3958422171084	19.0659151476303
1::Q8VCC9	17.7455601713618	17.7746367987234	18.2951082053603	18.0689047631138	17.8331640383441	17.9461841562567	17.6561744957032
1::Q922B2	15.3273731168128	15.5019217389448	14.4863908789486	15.4776086496116	15.4936718294635	15.890234094341	14.8652320464088
1::Q6WVG3	18.8293555494511	19.1833552757399	19.2091639475314	19.0362043665328	19.3806689806358	19.0926334797664	18.8353336464619
1::P14131	15.7257606881481	15.1027130898295	15.4838895832694	16.5006346274305	15.4862000888515	16.0221087577975	14.836225410525
1::P80313	18.753597925425	18.9008344593963	19.0612733466008	18.6094248598702	17.9524783252628	19.2217408822188	18.4359702789072
1::Q9D0R2	15.7617999366629	16.1185288913022	16.0372724158977	15.7700335577491	15.5944410184548	16.5114289093173	15.9538965156595
1::P16858;1::Q64467	16.8333467936321	15.9527147320977	16.71339640946	16.7311961836335	15.9288845985383	17.5380230463572	16.5028061113025
1::O88947	17.8799351937783	18.2439182250606	17.9560413217727	18.053946508678	18.034572865774	17.461964350956	18.195538309717
1::Q91WP0	16.5451182692859	15.2290326502995	14.6265253792266	17.7329094735468	17.3392563115521	16.506075745754	16.6155463831028
1::P21180	23.9623010433956	23.3783486925492	22.8381134974967	23.798000988129	24.4541600922675	22.4188503811156	24.1587089865478
1::Q61704	19.7043814174889	20.1138556052831	20.6019128102893	20.780117930681	19.1445615617588	20.2729456687159	20.5584461295012
1::Q8CG14;1::Q8CFG8	20.2157131780269	21.525976740773	21.4192200515004	20.8047641765948	20.7248337035163	20.8061869233254	21.9601351717969
1::P42932	15.4521400434166	15.6508487679448	15.6590228860902	15.6246095337856	15.6580360400297	16.2004342943635	15.2047746753561
1::P50580	17.632775708983	17.4912069442688	17.7966168851991	16.9793126607334	16.9319930612622	18.3012174919276	17.4028957631609
1::P60710;1::P62737;1::Q8BFZ3	18.0250815625521	17.7732814428676	18.1976319399172	18.651187037129	18.3934674356776	17.9921442396127	18.3535652357953
1::Q9R182	21.2377535813619	21.5624928952119	21.4378493363066	21.2671803685391	20.7581142493403	21.8034469865607	21.8844385029592
1::O08538	18.7179900660141	19.0665180325842	18.5698310085641	18.3352575421453	18.0861608468426	18.8836727518521	18.4891332052498
1::P01631	16.4520391420623	15.4950563714691	15.6654687589449	17.004023384832	15.6283845891199	16.4811864994135	16.9464315258436
1::P62264	18.3568007586283	15.0588668173294	15.2195181598892	17.8858113291953	17.9372285151949	16.2138894834535	15.7862312390065
1::Q8BND5	17.3281805508926	16.3131376031751	17.4326491330618	17.9631157060565	16.637331819905	17.3242293630812	17.3373654211792
2::P00924	23.7235123719863	23.9511776750819	23.8370933215966	22.5661514357774	23.598561196146	23.3447196849556	23.8199975956074
1::Q9ES30	17.9731682749173	18.6394191155027	18.4834542590974	18.312637074475	18.3845764711006	18.082063277418	18.2978692141171
1::P51859	15.5746130238329	16.184779984325	15.5328631761254	15.301134753749	15.9474318063292	15.5997587442734	15.757891508527
1::P06683	21.004061917502	20.0375142102821	20.9634389797485	21.7089635750246	20.8344419864948	20.9389728057264	21.3084316069873
1::P33622	19.1484127730756	20.6821201246032	17.9042645309955	16.8978622382198	19.6672609029257	16.0548207930189	20.7950368649473
1::P47857	16.0545020428336	15.5591713244124	15.8099098866061	15.7004845777736	16.1893193854948	15.7417290682607	15.2018612017547
1::P58252	15.7348664171698	14.1518958082857	15.0617542303889	15.6719183360679	16.8246513812502	14.4145087418404	14.2924443988551
1::P62242	18.1188370296571	15.8693225943434	16.0508847299753	17.7661219609097	18.0908208194773	16.2833740606165	16.0224336480171
1::Q6ZWY3	15.1058187721179	14.5111379033891	13.9638922743999	15.4719654840679	15.1231012265532	14.9121006837042	14.4599063814567
1::Q8CG16;1::Q8CFG9;1::Q3UZ09	19.6374518909932	21.4898121221268	21.0905477926255	20.1328257336605	20.1284923930262	20.099312712609	21.9959420591295
1::P63158	17.0248701462527	17.3322539855907	17.3806096614992	16.4969449977901	16.8609898813582	17.4386787138899	17.0081635521449
1::P14106;1::Q9R171	24.8536516617104	24.7657762398855	25.2285673808584	25.046052049527	23.3182983022691	25.40565497589	25.4664012685519
1::P98086	24.9432130252564	25.2366495625083	25.3457537783603	25.1510637380806	23.2248611786121	25.7336090598172	25.7486841586647
1::P62245	14.9603067334908	14.8871185605884	15.0989866900451	14.8202662376609	15.0613247504065	15.3279618695808	14.7162880426168
1::P25444	16.3680887008212	15.7381891315504	16.0732087116981	16.7118646790047	15.7040501305376	17.0275700234031	15.9863939961223
1::P63005	18.3877351103642	18.4458237646151	18.5899478575551	18.1160233822064	18.1372438792977	18.8111539710774	18.2400607878605
1::P46412	14.6014840990745	13.8829934232304	15.6430467070317	14.4992465020636	15.5271095586411	14.2165434607766	14.3381606325505
1::P56959	15.3032657968634	16.0812285640489	16.2153896016816	15.6503587314352	15.7060507809671	15.6727017954035	15.9787754878972
1::P29699	19.6013850830303	19.7218259076543	19.9420596619249	19.9770896891538	19.2312346248914	20.0911766845273	20.2148571723456
1::Q8BP67	17.249715559933	15.4079114465698	15.2887238124757	17.8611155197246	17.888826114659	15.2108632796093	15.7301261527425
1::O88783	23.7997008715901	23.8068323266461	23.8800165270597	23.879546343895	23.5202436931814	23.9974948412181	23.6831291399708
1::P52480	15.9012793901733	15.5603938493726	15.8215825508158	16.4812968511852	16.3184078839321	15.881646159789	15.9916603415786
1::Q9R0Q6	16.6593370329004	16.7935776683808	16.44638276743	16.2272027273371	16.1396720354628	16.9007187936003	16.5348398596039
1::Q8BH35	18.4296086890344	18.3553226822013	18.7450230454199	18.9604308062472	18.8528181169556	18.4619896618075	18.589290634282
1::Q8BH61	21.3384861085123	20.9523164332314	20.693601929608	21.5286876982146	22.0333794051555	20.3531167979667	20.5735665408208
1::P34928	18.7449333289316	19.124576791553	17.0099754201795	16.5022164540633	17.6375525856755	15.4912650696618	20.1311299137667
1::Q02105	25.336044727206	25.1319965540977	25.6662899564782	25.5119524155824	24.0510990956585	25.7815801364423	25.8670953239111
1::O70172	15.2957494660956	15.4407461635755	15.414357202322	15.1666458854456	15.4174904688816	15.3813439469722	15.2140484579913
1::P01872	20.0182200600102	20.2318770808785	20.3327171201111	20.8275161969824	18.051348287635	20.5833982898447	21.4975878983958
1::P51125	15.9460267275041	15.8755618244727	15.7346412985932	15.8483025262506	15.8471102725263	15.7915269989988	15.9916320570039
1::P20918	18.4115819565172	18.3049669584639	18.4490738926341	18.5777815432827	18.5212442885541	18.3827425230839	18.1985522840548
1::Q78PY7	15.7840345697609	16.234359249506	16.2572682251766	15.1751210941912	14.8567909867235	16.222445640581	15.9288569344465
1::Q99020	16.6356813152695	17.0468639520072	16.8962940455745	16.3882488629436	16.8361312816777	16.8654796363017	16.5767782094492
1::Q01339	21.2520789500772	19.8423327521411	20.38753400788	21.834367218865	21.7019719851495	20.0343597938641	20.2858936136959
1::Q61129	17.303596804367	17.4129279117849	17.7640007561311	18.1203706993276	17.8260096597705	17.3003177153811	17.9354713065871
1::P40224	16.0049757243678	15.7730236004279	16.145497037527	15.7140631030132	15.0022041738714	16.0832116045468	16.1242835935411
1::Q8BYK5	15.0473911729974	14.6332792866713	14.578112459562	15.1827625384343	15.85878278331	14.0269061345649	14.4309134698638
1::P26638	16.3564370385356	17.0907379166905	16.3235823308799	16.7788185453986	15.97962609589	17.2570613942864	16.4956400130124
1::Q9WUM4	14.3735826736424	14.762583234235	14.9579827577856	14.3579865710933	14.735850793591	14.3536782994636	15.1147796219355
1::Q9ER72	13.7478371393984	14.5283288999238	14.6827802778654	14.5612723318424	14.4778107146952	14.9783419761341	14.130376759726
1::O08677	26.8451656413891	26.963441620316	27.2487492527446	26.9270935756195	27.3192874114811	26.6973034261329	26.7494859574311
1::O88968	19.9554568121368	20.107618952856	19.135677386344	19.9003547696035	20.7743119923696	18.3692273097421	19.7757987058676
1::Q61703	26.9731625000777	27.2040094275296	27.2818664938182	27.2860026708069	27.5590941662016	27.0141316227014	26.8835108444255
1::P80316	16.8304865956292	17.323012307654	16.7195665863454	16.4789384345401	16.479239672983	17.3620945594585	16.5513443573691
1::P61358	14.654188542223	15.1017095006991	14.5540767824838	15.0083898571987	15.1288554148338	14.8563238318119	14.7435610584365
1::B2RPV6	19.6951219693892	19.8905729955704	20.0245640002536	18.7814328628093	18.4075866449579	20.1128135283178	19.8609869054369
1::P09405	17.1135255330673	17.1344842741673	16.9003582587274	16.6402309046123	16.477181037144	17.1500450572828	16.9140158066145
1::P80315	15.7501668522803	16.1313002002391	15.5939234480774	15.6675880150122	15.5184396748067	16.3988206160497	14.852961655052
1::Q06890	20.7042260560904	21.1571481571603	20.9657147634687	21.2815400672397	20.8446584042969	21.3568830872989	20.8013499342346
1::P11031	16.1298736128738	16.3763524748729	16.0800999223136	15.3409359710517	15.1946593072735	16.4568569344958	15.8456421747332
1::Q91Y47	22.6823105201799	22.3778586866515	22.5344815123116	22.7070448862707	23.1243469614258	22.5116450384028	21.9830985432041
1::P63325	15.4196214152383	15.3684331360119	15.8899746530399	14.6993689056503	14.41382225241	15.8090482854273	15.4396618986473
1::Q8BP47	16.4432623434861	17.4627220031607	16.7134506599224	16.3080458527828	16.2498084248111	16.8381037661714	17.0804382038513
1::P08071	22.7547330477265	22.6323856144027	23.1153416510873	22.7052383835492	23.1796393739262	22.5459959393886	22.5462269348291
1::P43025	23.4482906501614	23.6685914179536	23.5446034646736	23.751979968454	22.7706975584004	24.1433931429749	23.6597202581662
1::P62900	15.8873143726454	15.123462720602	15.403552061328	15.1330194334581	15.3941794897162	16.0419907518713	14.4487054158019
1::P80318;1::P60334	17.1199733789695	17.2280342478006	16.80019151569	16.4896812974475	16.2011570494636	17.4357492154417	16.7390951696574
1::Q9QXC1	14.8451388051295	14.6752581625672	14.7610476405807	15.3874912485274	15.1019471286496	14.8274656314983	15.115943763562
1::P80314	16.5234393557843	17.0462894671666	16.6424078973317	16.5232111186153	15.6585433077693	17.3337590463371	16.4607979147567
1::P01027	21.3499600919993	20.8821850441509	21.6737688635805	22.0757138190043	21.5348614537378	21.2794099453433	21.4944906982689
1::Q8CGC7	16.6151785135397	16.7058192031889	16.7939253845804	16.5380955524279	15.9455036209795	17.0475380660134	16.630140878729
1::Q8C8R3	16.1630358856826	15.5054851639211	15.6525082117923	15.8147186806726	15.4952004033254	15.727219203534	16.0961724617293
1::P51670	19.2037936656409	19.3188305947951	19.4751050709174	19.2996580947537	19.5534713624441	19.1328045017953	19.1398968130104
1::O08638	13.6391431508118	13.5572472852846	13.5258546940257	13.6517828152765	14.1486812975845	13.6006321757828	13.759525086001
1::P62918	13.6391431508118	13.5572472852846	13.5258546940257	13.6517828152765	14.1486812975845	13.6006321757828	13.759525086001
1::Q6URW6	13.6391431508118	13.5572472852846	13.5258546940257	13.6517828152765	14.1486812975845	13.6006321757828	13.759525086001
