0	1	1	1	1	2	2	2
1::Q61805	9091795.4298644	7252863.63409183	6892573.20436672	7206727.35638935	1520536.17960243	1127303.77945293	1158267.81536014
1::P05367	477505.256826071	480125.450999611	336786.940363272	291696.963423692	2911.16175346271	1050.855896089	5580.03398045431
1::P05366	571084.352011133	543969.942274593	393457.363918576	385211.434878728	61468.368077727	15912.3785955153	92756.4125221024
1::P10922	21482.765331063	18611.3506868366	21806.6250232481	18436.9912055978	3473.95605029107	5372.71751954068	1153.2354672053
1::P05017	6693918.95538488	5412515.53724841	5921020.47457372	5155049.47518616	13184863.6177089	9624835.56613103	11016845.4048335
1::Q8CEF9	3446.48809351096	945.531256647079	1756.05550857219	4556.25888233965	17083.7381226211	15557.6840638556	20600.9362082096
1::P20033	36161.1979794738	39802.011140622	35211.7037686225	27531.0627903748	73763.2990175798	81455.1933685567	85729.5210354253
1::Q61646	342034.8213128	179969.15722165	359175.392507099	258538.96271708	44046.1651258925	3870.72688408877	17391.8497706037
1::P47877	606451.698776569	436942.226581797	644851.399216977	563420.862560067	1831432.36176313	1140100.91100989	1712318.54016229
1::P48787	63407.2459079744	72525.2096488333	71880.1001982643	40068.5028873921	20334.2304586515	16306.7744455654	7582.44708581195
1::P18419	11533934.2268621	1688674.55562302	11150406.8208948	14802310.1386751	179063.037902182	178514.42960676	115042.886334466
1::P27656	811837.71298793	660593.509502414	817021.698796306	661356.69863207	1920418.70048583	1229514.22494079	1313585.343587
1::P98064	176725.544942389	183149.616186276	224411.401560197	186766.523593764	402265.061091129	297951.478641372	476160.771146293
1::Q9DBB9	1845827.45327675	2699277.57621066	2782703.02064103	2531034.87083185	7064876.8079001	6088636.17910609	5814916.64850656
1::O08692	560645.848768192	295273.007725457	334732.014935954	388026.892300081	214154.892247692	53716.3616571319	89387.2027661745
1::P21570	1245411.18117297	1023971.10389457	1305457.8932767	960512.557538252	442585.892719507	579704.600223997	841588.776238
1::Q8K0C5	123640.731021527	78705.3066339715	136257.308831458	148145.344544248	21148.9791086114	27669.28596376	30002.6749362053
1::Q61581	322855.206694895	319355.109725407	392687.357311265	254468.088512821	511644.393300124	569343.547326203	611615.428127819
1::Q9DD06	1178298.33085551	1141040.48851182	1205735.56085977	958992.256059945	1726398.92053871	1806941.52922456	1666274.9209648
1::P32921	106321.904604408	82642.2508329407	76604.3073844386	89682.8910407115	45315.6217750201	60437.6664638851	42384.821633948
1::P50752	136756.4595494	178060.876334104	109946.915627731	71886.2336395638	58986.8280296486	30230.7870784984	33891.5297754185
1::Q6ZWY9	578869.451282123	403540.804944066	522391.993622314	383132.271122818	281937.33658132	258767.771985923	96333.3317065726
1::Q91X72	75501.6510897352	49319.026765646	83503.0882770806	71647.8122699486	38224.4861676304	26782.980357708	37360.2110596745
1::Q62151	2270.14856347619	2901.43270461192	2323.42761425906	2189.34439839654	22212.4936411812	58501.9925739281	56550.6208319256
1::Q91YW3	2265.3434000434	473.665862594721	1.08957658753677e-05	3152.98635983625	5382.1771022625	7145.43028266021	7568.55535666502
1::P05208	20353.2113184785	22807.6697059235	29286.277946319	36854.1330072902	851.677244184508	4135.87055596417	4929.18627995182
1::Q9JKR6	302452.405281165	264494.872597178	279059.762734512	236856.847884078	190378.489670941	216877.815593996	256422.896363428
1::Q8QZT1	66425.7144091531	52468.4985077073	62720.519024939	72586.3168329479	42617.8155163652	34947.2015683552	23173.8816360496
1::P48678	23091.3654012774	22519.744272144	30805.0161320766	21659.9242533532	51830.3928853796	32744.9503527728	40119.6201882955
1::P70274	357311.962686674	328835.579842779	401850.598568471	261629.358122306	660666.906069542	411700.939611339	875794.915310832
1::P11247	205993.773142299	152236.338862108	202134.655641024	179080.706135787	175137.569557914	95035.120182879	105393.755680324
1::Q64487	379516.289723911	410796.517663799	510176.008061952	348734.719002528	608876.699501987	703435.555111018	797009.912576827
1::O89053	7156.31829778343	6014.43629959139	7660.30356960202	8439.16641742731	38655.2039992348	13232.1777287678	23435.534239321
1::Q99PL5	27191.5863685232	15748.4239796013	31519.4121232265	27357.3884366777	11233.4732443815	14016.1382077562	2896.94700489986
1::O88803	68148.0035606197	79209.6771668574	134470.256679847	88723.315331986	154372.856114753	223027.730829123	244116.089020384
1::Q9JM99	6084491.85089322	5445348.08287545	5055836.2263458	5009569.27536977	1029347.38024675	3389956.76944761	2698460.09112235
1::Q62009	428769.350589742	240111.100414715	182973.283323088	308952.045014282	768055.041417483	492527.189415672	517712.397970926
1::Q9JJH1	7261482.49212754	6393542.95561321	8052347.59295464	6945949.49232438	4545521.6995579	4919431.04364974	6807010.03474423
1::P26262	39296800.820662	32775596.1383743	41164968.0112391	35457809.4832107	79073831.4508929	49045273.578093	52161835.6214682
1::P97430	2830204.86642296	3050464.34591829	3130650.74306765	2259363.27743223	4141209.13752653	5546958.52697472	4322548.8518074
1::P31532	512778.847062731	164027.903123996	168634.956091546	257935.839820698	101438.799680868	52796.6874387734	107152.053218942
1::Q8BH64	48618.7934276309	84999.8384965401	61556.0434827423	31274.1571276206	8453.99954511398	33682.1187121865	13664.1795293424
1::P0C0S6;1::P22752;1::Q64522	117623.125674928	73885.3542834903	92866.056310112	126531.848919703	55884.5258784214	63611.7426326531	16884.9140553907
1::Q8BWT1	94948.7136307584	59978.4235116968	61564.3727291742	68127.2028102419	61383.1507307716	46230.3189589348	21541.763249533
1::Q9CZU6	891111.740828973	756780.481535795	844030.147981556	769636.260585354	785174.628831809	521606.847474173	336624.218576105
1::P09535	149013.836702369	209588.021047411	154698.05970987	134046.41382963	353643.213584822	202413.924725065	248611.002652533
1::O70410	757889.227943361	373507.981638479	151786.178156063	439228.169456855	113015.706525758	46319.1150557414	202555.338737126
1::Q8BK62	85648.8823483609	102588.347708864	123364.329240842	91622.4383241934	150661.861942426	200399.30832522	176104.392569014
1::P32261	997146757.830073	695905108.465044	635573593.993643	617225930.422135	1138723883.80413	1231345503.27073	994026056.051264
1::A2A8L5	270442.050796004	178377.096557246	135040.734683523	294811.880309349	760467.971394617	309885.415619221	491208.780876129
1::Q8BGD9	29338.6431311712	21472.7149904987	20486.779662291	21315.9552063272	30613.2207718742	49140.6272597133	48146.9699556799
1::Q8K1M6	27841.9050859677	33804.9492918833	22482.5549294247	14518.3934832101	33002.3571518897	52333.5068061141	62595.5441904339
1::P47880	992400.212907023	755032.494255772	659447.159510322	796769.458799933	1462286.27812742	934870.752113258	1187614.23342137
1::P47878	9096662.75278806	9644961.39849011	9030830.17366847	8978921.45320612	18092836.2412967	10579380.7362449	12955878.8707604
1::A6X935	79952795.2749866	50456366.9311028	34639268.7764372	96835925.0512981	49614637.0497272	10117335.8635575	19704088.9319722
1::Q71KU9	9729.82158052667	4203.69745904091	10045.1441167762	3937.82729469247	5313.74264379449	270.916953466948	301.673075343524
1::P29788;1::Q8BP99	6022717.82460666	5201165.35276664	7635358.08626556	5167430.09062912	4112896.16150679	4809277.99446332	5061134.98005467
1::Q8VI78	297245.034020871	192092.299772077	270579.508178792	192702.273907283	165435.599625764	205547.825358583	153689.323258565
1::P11276	155981978.816064	112315531.86661	104582081.644894	165003776.817851	93818189.0585528	96705849.251969	90850565.986877
1::P07759;1::Q03734	979624.063463023	693572.415743221	944237.145747197	1184641.67691652	823083.73100065	566734.185564669	486405.799422587
1::P50228	5721.19200093925	10413.0650950578	11103.331958616	6.79560929020314e-06	11957.968502859	22107.3332262413	20191.6109977323
1::Q61543	9838.62666561319	22906.269471325	27753.6945653425	9550.16990438043	28988.1050406222	64492.6404949301	48967.8042271379
1::Q80YC5	83436030.5707006	50482839.8882219	78022158.0565618	69437964.8020663	111839088.124174	97190360.6891258	109225057.788803
1::P10126	1278239.2658869	1454765.8195269	1346290.92975625	1016352.7565981	1152488.48626665	1102661.60472792	1295159.95398639
1::P01867	39466.2804307244	52892.0339955508	36931.4683553669	21915.9309269311	154402.031584331	48377.1769135957	84502.2439501814
1::Q07079	3480861.33441279	3148059.76343409	3237717.86876768	3304960.55941571	5202929.28948233	3642533.87254724	4438115.99846369
1::Q91XQ5	102332.887377476	159760.461808054	166785.599226718	140403.875259462	190197.71802959	265102.848174942	297966.943003405
1::P09803	325980.554085671	243965.53358971	376200.954570782	231124.257950645	311412.63883663	161752.45310838	217294.684973768
1::P13020	12840433.9779746	3047673.09698997	7140861.69720447	8084453.91305452	33002181.8080476	10018689.3307156	21985708.7912296
1::Q9JJN5	27790323.2361684	24518593.9658679	22731925.9307667	18403145.2454046	47490123.060651	35321877.3295061	26529676.5340125
1::Q6YGZ1	20850.2016147194	21392.5138844603	19487.0642367591	11577.9517050755	51761.8026028929	81823.5937358796	26968.1375612514
1::Q3UQ28	157678.639052228	217803.207012982	120765.578705458	152904.239327665	86164.0390352436	122866.667645619	132324.787775825
1::Q61508	28902028.0833266	25290052.88898	32205280.8746405	27077205.0918841	47331430.821362	32000235.8539129	38093227.8701087
1::P07724;2::P02769	9332111.82476805	3285973.47028318	4807266.80252859	4151761.83129063	2795162.36108482	2714710.32850367	4439795.53987036
1::P17897	938824.055747124	731514.666936667	952946.048385642	895099.276300671	1116214.54826862	2896585.17352998	1819288.89159092
1::Q8K182	1638392.21614788	1803267.21414511	1799550.49941894	2405653.83870613	16609716.6539007	3061448.15848665	3260884.33972664
1::O09164	881258.431810303	1074811.18659484	1328517.78478934	953831.149141732	1412888.18062572	1488621.01151412	1949670.61897121
1::P31240	168042.054928571	183949.491844859	174067.015326365	131321.971906272	237344.707402905	414734.270542709	251424.325457001
1::P97290	27201.1637557275	31477.0259927267	40077.9998046783	54063.117458893	197000.429215818	44452.3349119959	109240.193625801
1::Q64739	11928.9895040307	15535.4793707406	17497.5055052626	17784.1744920776	22719.0174285214	37486.3126655104	28269.9374594768
1::P06684	251102.35228074	144719.869234091	227388.70499688	307874.697726928	1825572.01941278	435194.785009807	365122.602925351
1::P31725	39312.0449786628	138466.548140887	56864.0751680537	202903.125636956	23935.5870211948	6947.95538251877	11086.2676949752
1::Q8CG19	50163.9913797869	67366.6608036537	60440.29586484	33907.3308990272	50645.5101730756	124685.278979047	147215.948879624
1::Q4ZJN1	40160.9697288249	42589.8490531845	33554.7719365965	50903.9123370998	40519.2876904242	99238.8353788281	137209.952973275
1::P26928	230980.865896306	340611.472620343	402850.073927594	261451.064915295	703246.950073476	315204.516053093	543574.529839133
1::Q61247	391489.293211121	321757.912851767	377186.37744274	425566.672655896	467513.823559017	578453.434695417	643325.034238327
1::P27784	176298.968214119	258763.737239937	292248.599741122	22067.4138855062	35789.0380902847	55449.5619394688	91343.0156155422
1::P60867	64899.9444410321	26231.6162389842	28050.2407026966	47199.5487935085	14249.1906323421	32732.4084659174	20220.56404796
1::Q07456	129947926.995017	142962351.673151	147849559.95474	134814995.745318	187956246.172375	177807287.425968	180735486.486679
1::E9Q414;1::Q9EST8	5264154.17159726	5563992.3217485	3235717.52491681	3111047.97335898	2282020.39085434	861358.238625216	5395650.8461275
1::P26043	297439.697962514	333862.551850242	308576.675344965	218641.67303116	319966.87261497	536821.457687053	488755.625348093
1::O70251	39426.2803168716	100847.380711548	87696.7025655165	55972.2363824366	8076.94559302013	38140.9348973614	72087.3383244221
1::Q921I1	1523371.21984368	474909.967890201	773089.08016692	726426.634428507	714786.203084154	341292.013833895	647406.281009748
1::P47879	1199912.26131401	1207217.30260328	1221218.41148137	975900.430562605	1199661.92113066	848649.857041117	1365882.14298538
1::Q8VCM7	568780102.71418	242606672.530906	192247994.366829	373800487.303846	371753668.082152	113947312.863522	150692592.410468
1::Q6ZWN5	48084.7185627429	22476.1809349083	19055.6075108313	79272.6667926758	19522.706040089	7558.18852462239	8060.45506922141
1::Q8VDD5;1::Q61879	945452.965225493	963006.167249948	733597.487125758	612877.546503623	256347.082603942	651436.20510231	842845.02086193
1::Q9JHK5	955950.582522941	944414.513162016	715280.716770174	517720.600135734	365604.201443326	519327.012224509	920072.375999974
1::O08842	37383.5080181148	48930.1177750531	54165.6772424205	36996.9275755195	56773.9708752869	118216.275201038	70071.305017244
1::Q03401;1::Q03402	121499.250760462	113342.215020095	155350.988479952	116884.038008934	168042.054928571	244263.854216212	169718.321089358
1::P14869	9545.12468116043	6751.3486445895	7507.57084216062	28042.2707491	3454.49486426268	2142.81790080177	64.209886075926
1::Q8R429	30394.6311861477	73949.5747254488	69701.4035557809	65919.2310528446	1522.39125293515	28053.1008534576	70183.2128631317
1::Q99JY9;1::Q641P0	1381310.18392479	1029375.99403432	970885.111678232	1222788.82423059	1121998.11264693	1039847.72400502	878902.378826285
1::P42669	354443.94693229	229202.322038353	365110.934187252	286828.535174921	328530.480003261	255337.559691509	130302.406150992
1::Q09098	482251.77221119	19829.5920994183	33007.1811428873	433309.881480748	18575.3797383339	11064.8835000804	26148.5216331776
1::P20029;1::P16627;1::P17879	80214.9723762324	62419.6017139021	65276.8618993563	72826.299086061	46720.8429155681	44566.1150312399	87364.3171296057
1::Q3THE2	185109.788563807	226129.456897165	196990.953068013	110716.092802812	50399.2679953997	181337.204264701	132679.682297068
1::Q8VCG4	2260240.16102386	2124784.03640002	2113285.53660928	2146301.94150999	14066529.627885	2605029.62166869	2669508.20977801
1::Q9R098	2982.52447858187	9350.6853774479	10511.9465775441	19087.9090220141	88120.9435364676	19747.3808102191	15591.5995177944
1::Q00724	17428.6482150805	51456.1504989995	84518.5181972165	89162.6047867618	86218.3490164144	229607.553225263	111990.68172298
1::Q60817	126578.125856314	201122.173318657	169595.498917958	106964.770980625	217653.993518762	501004.148768325	190061.085530781
1::O70362	37992.2701350715	33150.7759059309	40107.500875281	72733.9960919306	227297.884760609	54947.3391461164	75979.3568199119
1::E9PV24	1351253786.03978	754426092.542059	748191762.653088	970696804.196625	1396988480.00555	355389681.702776	495275725.671989
1::P12399	24897.9131437741	40907.9332481519	44153.5974331134	29187.5296249105	25542.919379381	73163.8279937496	92466.5290138973
1::Q62446	54657.175061999	91799.5861440001	59449.1896415484	42462.7345212568	50094.8868951085	39047.6396700018	62578.8720864406
1::P26041	518063.337855955	530523.908463438	284544.048534943	361195.594600619	739244.6422724	360792.042629678	971992.259399923
1::Q07235	48593.3699578311	93789.8984589303	133717.172722347	53438.1819138764	60721.1418975151	360797.349554083	198173.852024678
1::P97298	32161.3442055623	54887.9285673289	72328.0804947871	35842.6799502282	2353246.23999614	82230.0430858502	95150.1516227236
1::O70165	33178.7243028863	15841.5958843651	21601.8545429208	25460.397242889	4852.87974219893	72613.6216869491	90414.8891638033
1::P97333	840208.000222217	864174.966448192	946153.592309784	767200.756348523	1137339.08990659	807777.660035791	1868579.39978278
1::B5X0G2	95707.236690212	157713.793821967	166553.432356404	99788.7341723711	129939.234416991	58506.452782964	136232.831851546
1::Q8K0E8;1::Q9JJ59	761647518.109766	404031936.061099	393107826.877633	610146082.745141	800349617.982369	193666050.188157	286728402.017569
1::P02088	152797.917160718	170908.691061245	235864.113769685	242767.882770477	259074.136958502	413284.066821855	272153.283572159
1::P01029	9814740.04242976	7361891.98445993	12348825.6919204	10879657.0481006	15418149.2335105	13181308.2285992	12714813.8807207
1::P70389	7992.41542048886	19598.0639968742	19818.0465947031	16959.838978536	48016.7203772215	10987.1724782758	32210.9130277217
1::P61161	457269.219318067	414679.40944953	343931.375874953	384854.740142694	438750.88979325	393256.37630816	284985.85368708
1::Q99MQ4	82089.7618373355	65480.7696368107	97365.2974524106	18224.3826860471	6783.17442467674	57059.1723431857	49954.9072486944
1::Q9Z126	40527465.8414388	34865025.6450578	25533128.2621246	30364195.7817688	27939985.4716806	107257200.111775	62879698.2248295
1::Q61702	166995298.299142	204683182.359886	214722205.667411	188054586.891437	197497752.270233	183327027.751201	166167009.639502
1::P06728	84196.4600060174	214511.200068038	50755.1342928053	169522.497983797	36508.688347828	84234.7715950906	108674.666123243
1::Q9CVB6	342586.173616455	234552.552153909	175223.968061345	262595.191975583	247232.732861269	244220.810478042	132913.07783393
1::Q8K1B8	433954.18137962	555393.099963899	523141.520112255	291369.153356991	293800.41951726	370818.179936806	517508.015162191
1::P15864;1::P43274	200463.117673334	149390.916015572	160462.555952752	139140.229129617	86066.0281892996	169132.164384711	168042.054928571
1::P11152	47075.3077882173	61517.0418484585	44614.625125982	38771.3552735846	33221.9945343402	78089.6691564172	124213.274849983
1::Q9WTI7	145559.942915214	172377.124797215	230798.882938339	92090.5034467281	41369.6517936934	153193.577194597	150913.351844042
1::O55226	3028.5390019503	4567.67375986752	5722.40912227232	5865.26274674739	5090.94391783415	10204.7800177448	7555.94990374413
1::P39876	1682034.45635906	1635485.85737894	2413451.28661201	1160001.40651684	1301307.66279845	4630238.7549552	4063430.57106924
1::P59999	330383.942264752	258926.408226319	182655.927253531	300707.583961409	278617.915059918	248876.464808976	153246.74864777
1::P62631	191160.24603986	210380.157636302	197260.500042316	119374.549169253	136097.902088356	168042.054928571	195157.345347284
1::P01942	102.410483098631	101195.179177341	74694.9584435964	56.6106389290913	9.98711864830432e-06	155050.169490754	179456.128341678
1::Q9DCD0	94850.0394044452	54284.4162253706	47290.529276858	66492.9131951872	361869.116842752	47223.9939181248	87978.6955880279
1::P06909	2815151.52561641	2205253.68640297	2564868.83845427	2858433.51367839	2937430.96352483	2088711.09663863	2609987.97951278
1::Q8QZR4	947134.955389022	818926.280851504	877636.277807935	849057.365910439	1159932.47603394	512174.719165491	890680.256815013
1::Q61398	1157569.71059736	998669.813350057	1181461.67074033	1133980.72973125	1537726.03218898	1272593.860041	1311948.73135814
1::P26039;1::Q71LX4	325940.633626852	309776.797599868	370320.485866119	168042.054928571	91193.132577482	236280.369852068	376241.450574749
1::Q9JM76	131310.355702882	98014.0089357346	77844.1687912806	125015.903562862	110946.073331619	103097.902492586	69570.5867806757
1::P62751	161767.374049176	182595.116238047	191041.126385051	110388.587519187	146759.849345015	292624.40113189	242049.586494525
1::Q99PP7	1440524.52457443	964715.908060251	921375.888295815	1189744.71943071	1814993.53950022	454213.884673694	825297.792743364
1::P04186	2289088.45322816	884744.090077451	913740.209334693	2228117.42744229	58121996.296679	1198165.50160148	1517598.21783104
1::Q8BGZ7	32098.2314185649	1110.74968215767	15958.2718717925	2581.19455892553	2708.0922018803	17026.2086677373	99416.7728664883
1::P35441;1::Q03350;1::Q05895	45950933.1164792	42658127.1889382	48773576.8451878	36011213.0177607	37607373.7970689	112125118.779794	65085876.0131723
1::P55065	123130.389375176	95165.0833072182	75093.0209763997	147071.356326567	416825.624326146	68772.1013891852	168043.996318824
1::Q9WVE8	25062.9719751738	52924.2516106605	36417.8007224239	23384.4981996161	7930.61154817392	131632.566927014	64380.7410718343
1::Q61035	53123.3562026033	48037.1417611698	44309.2491362328	32318.4385227714	41902.6242775947	84319.1540340491	55802.9796777154
1::Q61147	174680.478000871	155672.987189431	208489.442203461	176902.108617006	226146.717432318	149578.892245211	148007.873202438
1::B0V2N1	117638.170760262	55912.0653345914	64059.9943611336	67699.7759613201	110698.877663752	54628.0409982794	183237.873672242
1::P21981	82789.7292065442	64435.6354260853	84578.4435802476	96216.3064929243	9054.02787361481	108077.606850732	60973.6660918102
1::P08226	34872715.8898278	38530612.3932076	22780763.6081107	25741465.8041356	23642584.9642522	15645307.6314827	46805111.0813532
1::P39061	11173.778587892	3847.30347432922	747.204624787581	9388.0131502493	45717.2341367607	3363.98698155187	5631.19746521737
1::P26040	83137.769165492	128091.429774943	76773.6244699528	70907.3053267456	112843.267137495	92286.1812271228	140924.530076286
1::Q9WV32	906871.523978744	672811.707182516	617355.913764362	770091.758723541	889327.519687103	588114.732809982	735411.417877484
1::Q91WP6;1::Q5I2A0;1::Q80X76	586229.105246595	240128.563433044	445897.310684813	769894.425102728	1298315.34527942	50897.0347332456	40920.1055454674
1::P97855	44541.3103264063	58650.8449434154	61322.6865006083	36542.7883417315	27882.7848588367	104174.665999137	92103.3313876668
1::P41317	768258.464414953	271383.719586229	287389.507102906	1333358.23536986	726709.914321917	1053354.30011289	1148749.60490582
1::P29621	2423.40625161527	2028.33567298138	2559.53738549158	3138.45506928556	19468.2510759167	983.95576279096	1844.06977015964
1::Q00896;1::Q00897	293484.961191678	146754.806335994	189390.641980837	201439.137334154	141859.374161255	201709.72764121	224467.942275071
1::P08607	195893570.737408	306291723.089486	294004867.649575	220727697.634209	141598898.122364	260998053.273762	289681676.852051
1::Q64514	20027.5860827575	112873.923460083	34368.1971358235	46587.0236212285	43408.7950336716	182339.581999584	66687.6353836948
1::Q9Z0N1	8032.46491894812	1569.40171221566	580.839165748229	3810.35092750328	3444.93236693924	4790.97921657385	9019.92486799844
1::P29351	22646.2645821019	19973.9032998519	8171.00504384237	22585.0551727947	38800.0387618501	13028.5507642929	30619.2561940108
1::P27773	1238856.69061675	1292579.06700176	1275864.91035138	965632.18609604	1172968.34541391	1671815.30322652	1637910.44066291
1::Q9Z1R3	63451.7751062346	63746.0125949427	26692.6927448725	6444.73961046368	88391.5962295438	5844.16043082611	125168.89558872
1::Q8R0Z6;1::Q9R045	266929.623217788	337549.792650741	359584.340127927	188097.862690519	120991.075621799	670862.182796531	786344.085353452
1::P51437	553230.389538403	509960.1877332	352127.806734343	317688.482016669	290265.014970032	120829.11041104	819791.086584866
1::P22599	1637154.78676793	1086519.40799761	982414.444438763	1131902.82336693	948002.567909287	2797411.59668575	1859186.85915428
1::Q8K0D2	1301446.97759299	801040.701721341	966648.174571663	845043.064270091	1036725.03657069	960035.253416234	931564.946176304
1::P80317;1::Q61390	37968.3064882182	36945.7312494145	43578.9711716614	38146.3081786415	20286.0447983524	120650.124743671	49339.7464134802
1::P62827;1::Q61820	1606372.26648784	1048240.50743397	981192.068186542	1093598.71718553	731017.61945847	1555289.69106081	1002257.40741957
1::Q99MN1	38289.6638933293	42680.9663371049	34719.5957401579	23397.0950778496	25687.6835530418	56503.6529526256	52948.5519917328
1::Q3SXB8	1169274.01272533	1385894.02335117	1329815.05319726	1167055.36176718	1013490.57430118	2190803.1516862	2204469.19567758
1::P01837	131827.208244833	141221.44531535	168042.054928571	210023.188642432	125649.376760819	215774.652401555	387381.618561145
1::Q6P5F6	12683.4181410833	29334.6301291012	23252.2526090862	22466.4170724347	25579.9154419852	22169.8256411955	42330.425425981
1::Q3UHX2	43162.5188385597	58577.175410352	61209.412397037	32435.171596388	31030.4637433075	115586.819436868	64498.4050433368
1::Q9ESB3	373504219.439234	501814194.617543	535130823.621886	374031897.915181	932880530.262059	391099434.591874	508128375.747311
1::Q05117	208147.627632246	141630.300682411	177594.019194946	180379.924154286	215101.088147436	160220.71271257	162804.006559143
1::P28665;1::P28666	2217121.21392183	3036610.53213388	2366999.90184808	1591014.50300889	1917683.10484778	3253558.66798295	4146625.35951322
1::Q60605;1::Q8CI43	405816.345755744	608830.872326221	596571.908254154	302568.447195427	125412.913949749	497357.814707816	640470.064389776
1::P59325	98889.0916024836	108524.568875585	95889.7036339331	51194.5266363515	64017.6066584681	164265.234862675	122775.223679119
1::P19253	25104.0137068135	1248.69001509048	1.08957658753677e-05	31211.7965665905	23437.7826375972	843.97032123883	1.58170951005343e-05
1::O35451	142945.44926978	206341.01107576	151178.541123488	167808.674813752	259890.880325683	195221.621409764	170681.141991224
1::Q9JKF1	68618.7325809936	83315.0468872526	82480.6120542572	55361.0681234416	9069.23541997319	102504.947437951	64359.3112963545
1::Q9CQJ6	36290.4211232348	63447.3318888787	48714.5842704648	26920.6582831123	36820.7174637346	83662.9553902857	53813.4078170421
1::Q60847	155937.055302663	109929.118086258	116784.146219089	156749.375691357	268423.650387851	114440.858079349	158860.05312222
1::Q00623	19469.1326009634	13000.141504602	8600.14120916644	27760.4752207541	10153.5888256353	13177.908621174	21268.1579205677
1::P24369	166687.519664565	141203.277561706	207479.928357323	148130.901496043	110004.244299504	190280.097036251	177527.848879167
1::P19221	11483819.6548202	22403015.9385339	11760824.2241105	3194517.96793702	9256524.47219007	22704535.4937507	16379761.8600041
1::Q8BH43	24068.4077867618	46737.3811077682	31979.1965547299	17805.1207209138	19630.3307261346	50645.0714987889	49202.0997250773
1::Q9QWK4	3657.72951585706	4102.12501679083	2409.17670877473	2525.90500808647	377.248382817757	3071.24983415544	12989.5843475259
1::Q8K003	25533.9004360865	46456.5906725425	49063.3765204357	16798.9103473026	34761.9192946172	49176.4995604491	48302.9217998768
1::P39039	136302.450415012	135284.147980145	143101.570133663	206224.88707432	249124.736960811	162673.410323756	186985.098825432
1::Q9DC11	118112.601532499	133519.831068329	155340.646110025	109903.682944787	132042.334945077	101217.63620274	302855.004453321
1::Q61268	145293.696341921	217798.222005865	96273.9307559151	90848.8731882129	204976.768860049	51344.6218039238	395332.136140577
1::Q61838	1396676.59866207	996614.890707769	1093376.65477018	1003168.79480509	981196.621931206	794140.219193465	1741070.70853706
1::P11983	18126.4394935803	25678.1006607398	25949.7945960395	4871.74871462547	13894.2941366363	44935.0799674507	17663.2145447796
1::P26645	76596.1804418553	55584.6767136394	56393.6157406831	78373.4302502233	81692.4842613962	40298.0958759719	81403.5820154676
1::P62908	49168.4611062957	31191.8386008971	39044.840337893	66012.9834756849	31868.5406745294	54468.4383731893	40560.3392007626
1::P40124;1::Q9CYT6	518989.050535204	799062.050268955	495219.538754124	379339.269722215	340075.211048388	680766.406192408	533019.143109733
1::P57776	41028.0101133324	68952.2116504232	80992.5919525676	79679.8697588465	20854.0221431032	70954.3458922841	94038.9341019407
1::Q9JHU4	495225.237302321	238994.491743905	220619.105295972	419036.707538388	667830.102103639	126355.826916843	213266.956767159
1::P01592	44949.8515189744	61953.525303755	64453.4057202958	43251.3842313459	19203.5516643183	67777.4019745362	141083.870306046
1::P56716	512889.560311104	374436.305045424	444506.239974723	101276.574724002	358628.991944835	324075.835884014	675510.979759993
1::P31230	28408.0192354174	42143.3600563856	40473.729586695	25138.5278162816	20554.3953107734	67873.3103273542	42794.4424342986
1::Q8CF98	441929.085007619	438380.91812042	436072.871098099	471141.567709316	348702.670680272	749948.21115331	654589.899615538
1::Q8VCC9	211629.028698221	207071.22671485	308729.95512702	231863.631997823	219148.297969959	265857.547600935	235803.338926413
1::Q922B2	29001.7098127401	33533.3866608736	11127.2134616981	28988.2138879626	28475.1563501002	53503.4143616095	19562.0523353609
1::Q6WVG3	463152.161240034	569214.102670741	592125.618812479	464194.378344486	676113.358987057	605191.088882628	555397.632857027
1::P14131	42370.3286516269	22585.9889291138	33921.7836831209	70650.5185511992	28232.61049492	59939.6391786564	18834.8994282275
1::P80313	438792.76184126	465892.566437208	533291.317074198	342412.333857565	239635.369514697	663132.684916753	416999.81180272
1::Q9D0R2	43771.7351579997	57682.3189044243	55269.517280941	38058.1264225388	31872.0025294407	89689.2543292169	60717.8834023357
1::P16858;1::Q64467	106348.748004719	50143.6972828305	95328.4985480753	84864.4254026078	45007.5637971532	196961.746817678	96679.5822327943
1::O88947	233559.125373354	291188.497729257	241609.912878324	229354.750334867	254748.392988376	186141.643579182	350384.889329265
1::Q91WP0	84730.5362341945	25728.4888376755	13460.9633900475	181328.776595419	150262.428430412	89306.2014281671	105915.799742423
1::P21180	16695481.5321276	10628788.3709006	7458887.35079946	12890472.7811384	23369702.0477107	6193917.44089147	22899906.028888
1::Q61704	860302.25371681	1095525.24318398	1573867.05325778	1581494.42182669	571254.422986393	1388906.56238356	1872642.53155152
1::Q8CG14;1::Q8CFG8	1231784.67063473	2935010.24046564	2782273.39841341	1608939.82052547	1744957.61359946	2016133.61075172	4975554.39634555
1::P42932	32798.9016823192	38458.0286582174	39815.3805326508	33318.02819928	34141.095960444	69633.4227591808	29255.1361976858
1::P50580	194735.357109666	168042.054928571	215105.771819547	102923.705988341	108762.777139629	343867.400438058	195106.603315346
1::P60710;1::P62737;1::Q8BFZ3	259658.262671538	206865.753656003	287793.069709365	352803.035475363	331916.830499897	274907.875707259	392907.693227106
1::Q9R182	2514918.89309885	3010547.65780482	2818585.86117036	2221169.20167908	1786109.70577082	4038295.18642304	4720356.60406739
1::O08538	427777.746902617	524019.717844624	375950.581965267	281182.425349842	264694.914898216	521735.699292551	433289.041497851
1::P01631	78622.5399192644	33318.3915842662	40046.2424170866	104898.236320932	33070.6721993736	87543.7650506807	137589.773670504
1::P62264	330150.069695954	21557.9426023433	26275.8421744524	202873.191793506	236921.473089085	70414.6150624468	52195.38676451
1::Q8BND5	155192.102422858	67709.2181690467	164526.293093305	214666.182202766	85257.8547786185	167942.004499136	185689.914411416
2::P00924	14146708.8513051	15815381.7318761	14918943.7017822	5481864.74079845	12906673.7061116	11779737.0408788	18104492.0430576
1::Q9ES30	250020.601210421	386733.375733654	353420.519077765	276631.184611111	329764.129746014	293470.475287862	377386.428103314
1::P51859	36859.6179506414	60945.1029182167	35498.4618254517	24340.5312892625	45828.9704296698	41240.3162675613	50850.1935990848
1::P06683	2136880.10493495	1038456.43981749	2025420.46256909	3021047.58988924	1884154.05650041	2211830.51631656	3160920.47584272
1::P33622	581012.863518592	1630046.87698634	232678.939713097	96649.689136149	828751.497834247	61629.3230190984	2209377.43167413
1::P47857	56548.4990450509	35366.6010685722	45499.414595357	35731.5434006426	57566.9594113677	46925.9905799471	29161.8913061004
1::P58252	42721.1122839767	6007.04791695181	22337.4764230319	34807.9503819483	99639.6621523382	10432.761851559	7589.90781502061
1::P62242	277967.401081004	46667.4389144068	55904.7466420614	185816.383792406	265611.028298265	74566.8279379995	64497.0290035144
1::Q6ZWY3	23017.2659648431	11032.5555156321	4174.32667886412	28830.6290362804	17838.6662588763	20393.2933326536	10613.6145274253
1::Q8CG16;1::Q8CFG9;1::Q3UZ09	820712.348467353	2862060.92537562	2213048.03408796	1005638.70453219	1147913.17348952	1229857.60982134	5101016.04863362
1::P63158	123296.360950264	149285.655027416	158281.726464098	70441.0152173575	102652.435038108	182941.477730512	144346.094590984
1::P14106;1::Q9R171	30979779.6644965	27825141.6231152	39158384.983331	30633128.3905732	10624623.0273225	49195305.9020485	56712637.2034576
1::P98086	32964763.9346057	38568736.7984677	42472863.5499301	32946883.0078274	9957163.54829053	61755028.7159552	68972906.0499409
1::P62245	19558.0943662543	17818.7647780754	23228.5038055367	14215.0993721093	16316.232858303	31799.0437301739	15978.6536146144
1::P25444	73441.5659175147	41591.6368728915	56959.5739409675	83583.495795787	35846.3854738243	134174.818253361	62487.429410488
1::P63005	337587.889571834	336694.069246876	381394.266982274	239938.819452028	274900.839631175	495485.078940409	361897.829235179
1::P46412	12379.8634521915	2983.7168457761	39247.6123604265	9107.96238099736	29576.1230070472	7331.1001558534	8380.88582317919
1::P56959	28305.1150800951	55910.1818406973	64074.6629820671	34122.9009111286	35921.7706223159	44091.6735861694	62069.004387943
1::P29699	800127.659943934	832058.064578197	991861.731556966	901572.690804085	607769.197853849	1222864.17326889	1472197.22822698
1::Q8BP67	146287.444937222	30676.4341078774	28144.0518958086	199237.022929863	228495.238517802	28248.487545646	49557.6399159593
1::O88783	14914579.1725999	14308478.8083071	15369836.8505626	13640726.2114404	12223729.904706	18527835.8745955	16464341.7356489
1::P52480	49537.6818603631	35406.5466927949	45964.4028228509	69558.4178601643	64684.6045568452	53104.3260717323	62777.9627165941
1::Q9R0Q6	92784.724839193	99108.3338543632	77238.7265364086	56489.0158913286	54994.6613526629	121724.985615063	99230.9576666065
1::Q8BH35	347913.370306153	315507.778668491	426006.076337272	439861.332615929	463284.51111184	386023.133403975	465656.932804339
1::Q8BH61	2697734.06833106	1968209.56352315	1677909.37270585	2664842.48158249	4349391.42871477	1469058.08227287	1892550.86223537
1::P34928	436087.355206789	546020.31792159	119763.388775226	70740.501524318	189018.934220941	37257.1837054019	1388234.12850093
1::Q02105	43285754.2975991	35869206.7075242	53042800.2198246	42314168.7886334	17668882.9747792	63843431.0892113	74874208.8246661
1::O70172	28090.2953527958	31653.1941451784	31773.1784547311	21161.1825204772	26060.0770911218	33515.7581630605	29553.1972864118
1::P01872	1072529.65207102	1189914.95424282	1303969.76591709	1634695.44612323	257943.86997302	1725675.20184829	3606129.72593408
1::P51125	51508.7471543901	46920.6289989176	42589.7037831936	40814.0929735265	41509.2896991974	49056.5869052284	62776.3994814512
1::P20918	343431.450399755	304282.429422819	344821.562235081	334737.151799951	364365.634642577	364656.802428544	351153.102387169
1::Q78PY7	44653.9636325391	63486.7265069189	66307.5785681197	21352.9103752302	11716.3725924433	70915.1780344834	59381.3606464805
1::Q99020	91063.8774416824	120383.589218311	109799.356231718	64503.4263449491	100583.25735645	118456.331309242	102657.985453404
1::Q01339	2540145.35355868	905567.303496134	1354923.24627427	3296430.02291899	3452935.36669734	1175110.5016371	1547356.05008232
1::Q61129	152349.927055882	158546.892639981	210034.991011937	240697.237378769	217972.857149535	164955.671486652	289792.542193201
1::P40224	54200.4615623786	42895.3114540841	60489.4389396058	36177.0118650997	14919.0223556615	63127.1764466712	70455.308165662
1::Q8BYK5	21586.2687060412	13046.5035448214	12628.9805441731	21526.7445140886	41996.5872844278	4733.09513956108	10064.707312057
1::P26638	72746.0170656399	124463.539738412	69978.6441829096	88094.1400403114	47280.0825102392	159677.542328514	96116.5398805843
1::Q9WUM4	8664.73475452384	15372.6148457507	19972.021036311	7196.2498723945	9287.79704692943	9434.06075262259	26460.0158960648
1::Q9ER72	1022.01425896958	11305.8156442091	14463.4131734004	10008.2991054114	4738.78633748463	21997.4244568601	4979.15666225094
1::O08677	123231121.183424	127686179.317307	158875938.387708	112864840.607785	170387776.125343	120453739.257032	138039466.306254
1::O88968	1026316.10537357	1090748.94208512	562137.192587515	854283.39807981	1806484.62327146	361128.59436553	1081468.77782533
1::Q61703	134665140.969588	150857932.856983	162565408.367511	144747379.590724	201203100.824259	150039233.825071	151479378.012158
1::P80316	106112.315352116	148257.408114684	95787.3734010435	69426.2249792809	74491.5747200535	172773.422496592	100567.761571327
1::P61358	13325.766226539	22562.1072353314	12226.1722951683	17780.3302566758	17983.8195007182	19098.5078013624	16607.4604113702
1::B2RPV6	854715.058862171	936758.543491626	1050927.67193883	387210.096623776	335362.78521921	1241549.80042893	1148281.2846037
1::P09405	131936.312271087	128657.049478105	110142.212097984	78983.8143230887	74359.0142860508	147279.70353953	134156.08285331
1::P80315	43315.5448367991	58299.6884407446	37540.7147579366	34669.5331510784	29288.2050826078	81923.4570526821	19252.6679147892
1::Q06890	1733439.63038351	2270255.15477113	2028636.50912454	2243501.46366563	1897675.25790079	2959599.07838686	2219140.92905231
1::P11031	60280.1553681556	71268.2548982138	57288.4999192263	25339.6793259189	19685.578877257	85850.0978794024	55102.6531016538
1::Q91Y47	6867509.42521962	5306715.8795438	6041039.66302649	6045403.0431755	9285808.45780493	6606316.22134686	5055655.84657269
1::P63325	31777.373572349	29531.0900321215	48765.747975908	12157.3388497602	3731.01751029347	49823.891796497	37427.243481649
1::Q8BP47	78066.6638112422	164527.092432086	95332.5245989409	60400.3497801504	60822.9865386431	115971.579867526	152632.524769818
1::P08071	7221724.83491236	6332883.3227879	9041644.57323301	6037823.66840386	9649323.60919791	6765832.586107	7477670.06249015
1::P43025	11687493.5849104	12999988.2381201	12179041.1780502	12485407.5709425	7263076.86114492	20501017.4539061	16199077.4885165
1::P62900	48934.9507071468	23083.492478052	31448.4876497723	20411.4774550712	25346.1956030393	60962.0396830672	10400.245345247
1::P80318;1::P60334	132585.644486575	138063.018636131	101967.332529603	70030.1324967122	58193.4645072239	182542.519632647	116901.786814041
1::Q9QXC1	17057.0668502073	13778.965621872	15924.7223377338	26543.8879513181	17309.9870275524	18447.9865956355	26495.0710550455
1::P80314	83272.5314610426	120330.985084561	90187.8825603084	71944.1844889518	34159.6004833732	169146.031832212	93418.4885063628
1::P01027	2719379.10991228	1874263.25793747	3321411.7080412	3898765.23683108	3073249.4582918	2804141.80896881	3598359.9876287
1::Q8CGC7	89595.045772772	92566.0262004216	101474.554607661	72808.2240565148	45743.0835962157	136236.234885307	107165.081348932
1::Q8C8R3	61984.7963635991	33645.3823686836	39583.0999977065	39613.2226843955	28524.9314803063	46318.8967992073	68768.5502884386
1::P51670	604259.538567999	626412.125013497	714358.459594852	559472.940431266	764496.117105966	622666.808662629	689924.821725946
1::O08638	1.08197547203171e-05	1.07593177879546e-05	1.08957658753677e-05	6.79560929020314e-06	9.98711864830432e-06	8.90080070699055e-06	1.58170951005343e-05
1::P62918	1.08197547203171e-05	1.07593177879546e-05	1.08957658753677e-05	6.79560929020314e-06	9.98711864830432e-06	8.90080070699055e-06	1.58170951005343e-05
1::Q6URW6	1.08197547203171e-05	1.07593177879546e-05	1.08957658753677e-05	6.79560929020314e-06	9.98711864830432e-06	8.90080070699055e-06	1.58170951005343e-05
