0	1	1	1	1	2	2	2
1::Q61805	22.7236609964904	23.1383096735707	22.5429639941952	23.1383096735707	20.3349674140277	20.0495848559195	19.8419220368139
1::P05367	18.6284648581154	18.8508649325701	18.2534168601268	18.3157278045402	11.3773221271758	10.3980471371273	11.9517064112996
1::P05366	19.0097754820655	19.0331592643582	18.6634454218274	18.7892866156306	16.300383291475	14.0619109829219	16.1916438600349
1::P10922	14.2118447735217	14.0619109829219	14.2558781515204	14.1555920099287	11.9517064112996	12.5410515141314	10.3980471371273
1::P05017	22.383116446746	22.5429639941952	22.383116446746	22.4145567769171	23.3948877068673	23.1383096735707	22.9396140194038
1::Q8CEF9	11.7411694809997	4.74673190713191	11.0014955293639	12.196587920834	14.2118447735217	14.02839804726	14.3565961860102
1::P20033	15.0502154651188	15.1935335166502	14.9987409579524	14.9166649852054	16.3812244766001	16.1622245205081	16.0126302786805
1::Q61646	18.1154786930893	17.4393526117796	18.4047535293883	18.0530355259464	15.7646953355842	11.7411694809997	14.0619109829219
1::P47877	19.2075134513607	18.709353732776	19.3634674666185	19.3167766704853	20.8496884865061	20.0804392465904	20.2659742673514
1::P48787	15.8569918954533	16.131196707304	16.106767868153	15.5137271596426	14.6121285779295	14.09997827852	12.6588411573157
1::P18419	23.3948877068673	20.8496884865061	23.3948877068673	24.0668430845968	17.3629535847961	17.4219537708233	16.6772775086343
1::P27656	19.401541132947	19.3167766704853	19.5906936068114	19.401541132947	21.1299263785933	20.2234830680975	19.9880132752661
1::P98064	17.3947148618876	17.4881133539059	17.7953042208842	17.4881133539059	18.6634454218274	18.2281195809639	18.5204086038464
1::Q9DBB9	20.9301335258353	21.3903417990777	21.4708245052073	21.2888163097838	22.383116446746	22.6000870706739	22.6000870706739
1::O08692	18.9756799236601	18.1838893422702	18.2281195809639	18.8508649325701	17.5154065164333	15.5137271596426	16.0742247461297
1::P21570	20.2234830680975	20.0495848559195	20.3349674140277	19.9632435719843	18.7892866156306	19.3167766704853	19.3634674666185
1::Q8K0C5	16.781893591717	16.1916438600349	17.005785281674	17.2077752780232	14.7298801252951	14.4975035453705	14.8050351457121
1::Q61581	17.9283808080284	18.3157278045402	18.6284648581154	18.0072683705408	18.9139599104578	19.2075134513607	18.8317125131624
1::Q9DD06	20.0804392465904	20.3349674140277	20.2120241034131	19.9345456779041	20.4268472461912	20.7322534811833	20.2234830680975
1::P32921	16.5580620979657	16.2241853058417	16.1916438600349	16.5580620979657	15.8315914338455	15.740090713181	15.1202153989504
1::P50752	16.9697404242785	17.3947148618876	16.7689072094161	16.1705335537615	16.2006071422813	14.6121285779295	14.9166649852054
1::Q6ZWY9	19.0331592643582	18.5954030453946	19.0331592643582	18.709353732776	18.1838893422702	18.0387978489674	16.300383291475
1::Q91X72	16.0338171249912	15.4387812375776	16.3227272019049	16.1622245205081	15.5368531722738	14.4803327915673	14.9477371531754
1::Q62151	10.3980471371273	11.6256864214066	11.3773221271758	9.88246228951904	14.7496757626636	15.6785453047734	15.4387812375776
1::Q91YW3	9.88246228951904	-6.12031013970952	-16.6096404744368	11.6256864214066	12.8820999617543	12.8820999617543	12.5410515141314
1::P05208	14.09997827852	14.4975035453705	14.6419318358966	15.3798625173368	9.88246228951904	11.9517064112996	11.6256864214066
1::Q9JKR6	17.9029816099313	18.0705746513206	18.0072683705408	17.8797831120285	17.4393526117796	17.7953042208842	17.9283808080284
1::Q8QZT1	15.9075362440469	15.5137271596426	15.9075362440469	16.2006071422813	15.719363007688	14.8050351457121	14.4803327915673
1::P48678	14.3565961860102	14.3818689669978	14.6849823266543	14.4191703911721	16.0742247461297	14.7298801252951	14.9987409579524
1::P70274	18.2881082239343	18.3736531533742	18.709353732776	18.1154786930893	19.0565157981309	18.5954030453946	19.4701891527523
1::P11247	17.5154065164333	17.1534529897239	17.6247132369737	17.3947148618876	17.3427082219898	16.4382425153878	16.4956562707113
1::Q64487	18.3157278045402	18.6284648581154	19.0097754820655	18.5674280717817	19.0331592643582	19.6281791230612	19.2075134513607
1::O89053	12.4298963814007	12.7526787163171	12.5410515141314	12.8820999617543	15.556531737443	13.8754221190846	14.4975035453705
1::Q99PL5	14.567505187847	13.8754221190846	14.7496757626636	14.8858771240506	13.8290073819787	13.9427077767505	11.3773221271758
1::O88803	15.9370031889098	16.2006071422813	16.9437720410151	16.5241732349422	17.2309231172615	17.8361163834487	17.8545639020696
1::Q9JM99	22.1264415755229	22.6000870706739	22.1264415755229	22.383116446746	19.8419220368139	21.7183567814518	21.0282501369418
1::Q62009	18.4239180081075	17.9283808080284	17.4881133539059	18.4417445000961	19.5214361660767	18.7892866156306	18.6634454218274
1::Q9JJH1	22.6000870706739	22.9396140194038	22.9396140194038	22.9396140194038	22.0328303362013	22.4145567769171	22.7236609964904
1::P26262	25.2926797306895	24.9985932043766	25.4080502466949	25.4080502466949	26.0289566491366	25.156664641035	25.156664641035
1::P97430	21.6584034199124	21.8471375824302	21.589238950028	21.1299263785933	21.7183567814518	22.5429639941952	21.589238950028
1::P31532	18.7420692706961	17.2569982290417	17.3427082219898	18.0387978489674	16.7689072094161	15.4387812375776	16.5424333258804
1::Q8BH64	15.556531737443	16.2518985057275	15.867131243047	15.1202153989504	13.3289904058428	14.7721697677297	13.7415150177901
1::P0C0S6;1::P22752;1::Q64522	16.6107366532617	16.1622245205081	16.4956562707113	17.0459941747537	16.131196707304	15.8569918954533	14.02839804726
1::Q8BWT1	16.414750446186	15.79756735164	15.8850703207188	15.9605699074044	16.2518985057275	15.1577073417567	14.4191703911721
1::Q9CZU6	19.6281791230612	19.5214361660767	19.6281791230612	19.5214361660767	19.5584825939845	19.0331592643582	18.1154786930893
1::P09535	17.126571674956	17.6721942857537	17.126571674956	17.0982424823613	18.5204086038464	17.6975826546173	17.8797831120285
1::O70410	19.2892838354514	18.5204086038464	17.0982424823613	19.0331592643582	16.9437720410151	15.2107617281426	17.6721942857537
1::Q8BK62	16.2518985057275	16.5424333258804	16.8833832425699	16.6107366532617	17.2077752780232	17.6575706477036	17.4219537708233
1::P32261	29.283324748002	29.283324748002	29.283324748002	29.283324748002	29.283324748002	29.9063393061436	29.9063393061436
1::A2A8L5	17.7630872700961	17.4219537708233	16.9697404242785	18.3516837245314	19.4701891527523	18.2534168601268	18.5954030453946
1::Q8BGD9	14.8050351457121	14.2985352842053	14.1555920099287	14.3141358402205	15.2370316021199	15.295483236444	15.1935335166502
1::Q8K1M6	14.6419318358966	15.0502154651188	14.3141358402205	13.7415150177901	15.295483236444	15.4291674096785	15.6161624049001
1::P47880	19.9345456779041	19.5041984781938	19.401541132947	19.6281791230612	20.2887880634969	19.8852362799975	19.8852362799975
1::P47878	22.7946507053789	23.3948877068673	23.1383096735707	23.3948877068673	24.0668430845968	23.4930212422541	23.2210280050512
1::A6X935	26.0289566491366	26.0289566491366	25.156664641035	26.2813433335904	25.4544439973884	23.3948877068673	23.8865287314588
1::Q71KU9	13.0392608352809	12.4298963814007	12.8820999617543	11.9517064112996	12.7526787163171	-6.12031013970952	9.88246228951904
1::P29788;1::Q8BP99	22.0328303362013	22.383116446746	22.7946507053789	22.5429639941952	21.6584034199124	22.383116446746	22.383116446746
1::Q8VI78	17.8545639020696	17.5391652877982	17.9724878622555	17.5391652877982	17.3011152440749	17.7311919873332	17.2309231172615
1::P11276	27.2147988169783	26.7018054548395	26.7018054548395	27.2147988169783	26.2813433335904	25.6794314674314	26.2813433335904
1::P07759;1::Q03734	19.8852362799975	19.401541132947	19.8231665529341	20.3349674140277	19.5906936068114	19.1509250218328	18.542752519325
1::P50228	12.196587920834	13.1348956526181	13.1348956526181	-16.6096404744368	13.9427077767505	14.3818689669978	14.2985352842053
1::Q61543	13.1348956526181	14.5396132635982	14.5396132635982	13.2490528953173	15.1577073417567	15.867131243047	15.2370316021199
1::Q80YC5	26.2813433335904	26.2813433335904	26.2813433335904	26.0289566491366	26.7018054548395	26.0289566491366	26.7018054548395
1::P10126	20.2659742673514	20.6253886062268	20.4782099726406	20.1111375383079	20.0495848559195	20.0259822829073	19.9345456779041
1::P01867	15.2647823795393	15.5368531722738	15.1024289946073	14.4803327915673	17.2569982290417	15.2647823795393	15.9986642848546
1::Q07079	21.7183567814518	22.0328303362013	21.7183567814518	21.8471375824302	22.1264415755229	21.8471375824302	21.6584034199124
1::Q91XQ5	16.5241732349422	17.2309231172615	17.3011152440749	17.1534529897239	17.4219537708233	18.0530355259464	18.0530355259464
1::P09803	18.0072683705408	18.0072683705408	18.542752519325	17.8361163834487	18.2881082239343	17.20031715036	17.7311919873332
1::P13020	23.6316110340452	21.7183567814518	22.6000870706739	23.2210280050512	24.9985932043766	23.2210280050512	24.0668430845968
1::Q9JJN5	24.3979936268131	24.3979936268131	24.3979936268131	24.3979936268131	25.4080502466949	24.9985932043766	24.5358248866194
1::Q6YGZ1	14.1555920099287	14.2558781515204	14.02839804726	13.4249953606815	16.0600240185396	16.1705335537615	14.6419318358966
1::Q3UQ28	17.2309231172615	17.7953042208842	16.8734657381071	17.2309231172615	16.5580620979657	16.8734657381071	16.8573883452016
1::Q61508	24.5358248866194	24.5358248866194	24.9985932043766	24.7834658740369	25.2926797306895	24.7834658740369	24.7834658740369
1::P07724;2::P02769	22.9396140194038	22.1264415755229	22.0328303362013	22.1264415755229	21.3903417990777	21.2076098401572	21.7183567814518
1::P17897	19.7541690788346	19.4701891527523	19.8852362799975	19.8231665529341	19.9345456779041	21.4708245052073	20.3349674140277
1::Q8K182	20.6973110169205	20.9301335258353	20.7322534811833	21.2076098401572	23.7388617480336	21.589238950028	21.2076098401572
1::O09164	19.5906936068114	20.2120241034131	20.3751995608857	19.8852362799975	20.2659742673514	20.4782099726406	20.6253886062268
1::P31240	17.3188443889195	17.5154065164333	17.3947148618876	17.0777900626781	17.7630872700961	18.6634454218274	17.9029816099313
1::P97290	14.6121285779295	14.8453403072908	15.2647823795393	15.719363007688	17.4673973485585	15.0730088008932	16.6107366532617
1::Q64739	13.3289904058428	13.8290073819787	13.8754221190846	14.02839804726	14.7721697677297	14.8858771240506	14.6849823266543
1::P06684	17.6721942857537	17.005785281674	17.8361163834487	18.4239180081075	20.7322534811833	18.709353732776	18.2534168601268
1::P31725	15.2370316021199	16.8833832425699	15.6785453047734	17.6575706477036	14.8453403072908	12.7526787163171	13.4739314886718
1::Q8CG19	15.6579829386003	16.0338171249912	15.7646953355842	15.2370316021199	16.0338171249912	16.8833832425699	17.126571674956
1::Q4ZJN1	15.2735968033035	15.2647823795393	14.8858771240506	15.6579829386003	15.6161624049001	16.4956562707113	16.9697404242785
1::P26928	17.6124183399042	18.4752985573758	18.7420692706961	18.0705746513206	19.2075134513607	18.2881082239343	18.7420692706961
1::Q61247	18.3516837245314	18.3516837245314	18.5674280717817	18.9756799236601	18.8508649325701	19.2892838354514	18.9139599104578
1::P27784	17.3629535847961	18.0387978489674	18.1154786930893	14.4975035453705	15.4291674096785	15.6161624049001	16.131196707304
1::P60867	15.8850703207188	14.6849823266543	14.567505187847	15.634107771148	14.0619109829219	14.6849823266543	14.3141358402205
1::Q07456	26.9473641500418	27.0751433566447	26.9473641500418	26.9473641500418	27.2147988169783	27.4175355927527	27.5687177955192
1::E9Q414;1::Q9EST8	21.8471375824302	22.7236609964904	21.6584034199124	21.589238950028	21.2076098401572	19.8419220368139	22.5429639941952
1::P26043	17.8797831120285	18.4047535293883	18.1661889805204	17.7630872700961	18.3157278045402	19.0981794527046	18.5674280717817
1::O70251	15.2479218654079	16.4956562707113	16.414750446186	15.7646953355842	13.2490528953173	14.9166649852054	15.9075362440469
1::Q921I1	20.4782099726406	18.8317125131624	19.5584825939845	19.4701891527523	19.2892838354514	18.3516837245314	18.9756799236601
1::P47879	20.1111375383079	20.4268472461912	20.2234830680975	20.0259822829073	20.162183925338	19.8231665529341	20.0259822829073
1::Q8VCM7	28.5814584203584	27.5687177955192	27.4175355927527	28.1560552374476	28.1560552374476	26.9473641500418	27.0751433566447
1::Q6ZWN5	15.5137271596426	14.3565961860102	13.9427077767505	16.344148798228	14.4803327915673	13.1348956526181	12.8820999617543
1::Q8VDD5;1::Q61879	19.7864042266444	19.9345456779041	19.5214361660767	19.3634674666185	17.9029816099313	19.5041984781938	19.401541132947
1::Q9JHK5	19.8419220368139	19.8852362799975	19.5041984781938	19.2075134513607	18.6284648581154	19.0097754820655	19.5584825939845
1::O08842	15.1202153989504	15.4291674096785	15.5825670999999	15.3993674980865	16.1622245205081	16.7548173135284	15.8569918954533
1::Q03401;1::Q03402	16.7073635548501	16.632537406788	17.1799405792331	16.9437720410151	17.3188443889195	17.9283808080284	17.3629535847961
1::P14869	12.8820999617543	12.8820999617543	12.4298963814007	14.9650191454673	11.7411694809997	11.0014955293639	4.74673190713191
1::Q8R429	14.8453403072908	16.1705335537615	16.0600240185396	15.867131243047	10.3980471371273	14.5396132635982	15.867131243047
1::Q99JY9;1::Q641P0	20.3349674140277	20.0804392465904	19.9632435719843	20.4268472461912	19.9632435719843	19.9632435719843	19.5041984781938
1::P42669	18.2534168601268	17.8545639020696	18.4417445000961	18.2534168601268	18.3516837245314	18.0072683705408	16.8308697269516
1::Q09098	18.6634454218274	14.1555920099287	14.8453403072908	19.0097754820655	14.3565961860102	13.5814182742115	14.5396132635982
1::P20029;1::P16627;1::P17879	16.131196707304	15.8850703207188	16.0126302786805	16.2518985057275	15.9075362440469	15.1024289946073	16.0338171249912
1::Q3THE2	17.4219537708233	17.8361163834487	17.5755719331118	16.9138038920668	16.0126302786805	17.4393526117796	16.8734657381071
1::Q8VCG4	21.1299263785933	21.1299263785933	20.9932943687376	20.8496884865061	23.4930212422541	21.1299263785933	20.9932943687376
1::Q9R098	11.3773221271758	13.0392608352809	13.0392608352809	14.2118447735217	16.6107366532617	14.2985352842053	13.8290073819787
1::Q00724	13.8290073819787	15.4993285588011	16.344148798228	16.5424333258804	16.5688009055953	17.8545639020696	16.632537406788
1::Q60817	16.8308697269516	17.5755719331118	17.3629535847961	16.8573883452016	17.5755719331118	18.9139599104578	17.5755719331118
1::O70362	15.1935335166502	14.9166649852054	15.2735968033035	16.2241853058417	17.6721942857537	15.5825670999999	15.9370031889098
1::E9PV24	29.9063393061436	29.9063393061436	29.9063393061436	29.9063393061436	29.9063393061436	29.056470503227	29.056470503227
1::P12399	14.4191703911721	15.2107617281426	15.3713791243155	15.0730088008932	14.9166649852054	16.0742247461297	16.1705335537615
1::Q62446	15.740090713181	16.300383291475	15.740090713181	15.556531737443	15.9986642848546	14.9477371531754	15.5825670999999
1::P26041	18.8317125131624	19.0097754820655	18.0387978489674	18.6284648581154	19.401541132947	18.4047535293883	19.6281791230612
1::Q07235	15.5368531722738	16.344148798228	16.9138038920668	15.7010627851163	16.2241853058417	18.4239180081075	17.6575706477036
1::P97298	14.9477371531754	15.6161624049001	16.131196707304	15.3339361738856	21.2888163097838	16.2006071422813	16.2331493850009
1::O70165	14.9987409579524	13.9427077767505	14.2118447735217	14.7721697677297	12.5410515141314	16.0600240185396	16.106767868153
1::P97333	19.5041984781938	19.7541690788346	19.8419220368139	19.5041984781938	19.9880132752661	19.7864042266444	20.4268472461912
1::B5X0G2	16.4382425153878	17.20031715036	17.2569982290417	16.7548173135284	17.0777900626781	15.7010627851163	16.9437720410151
1::Q8K0E8;1::Q9JJ59	29.056470503227	28.5814584203584	28.5814584203584	29.056470503227	28.5814584203584	28.1560552374476	28.1560552374476
1::P02088	17.1799405792331	17.3427082219898	17.9029816099313	17.9724878622555	17.9724878622555	18.6284648581154	17.9724878622555
1::P01029	23.1383096735707	23.2210280050512	23.7388617480336	23.4930212422541	23.6316110340452	23.7388617480336	23.1383096735707
1::P70389	12.5410515141314	14.09997827852	14.0619109829219	13.8754221190846	15.9605699074044	13.4739314886718	14.8858771240506
1::P61161	18.5674280717817	18.6634454218274	18.2881082239343	18.7420692706961	18.7420692706961	18.5674280717817	18.0072683705408
1::Q99MQ4	16.1622245205081	16.0126302786805	16.632537406788	14.09997827852	13.0392608352809	15.6579829386003	15.295483236444
1::Q9Z126	25.4080502466949	25.156664641035	24.7834658740369	24.9985932043766	24.7834658740369	26.2813433335904	25.4080502466949
1::Q61702	27.4175355927527	27.4175355927527	27.5687177955192	27.4175355927527	27.4175355927527	27.5687177955192	27.4175355927527
1::P06728	16.2241853058417	17.7311919873332	15.556531737443	17.3427082219898	15.4993285588011	16.2331493850009	16.5688009055953
1::Q9CVB6	18.1661889805204	17.8797831120285	17.4219537708233	18.1661889805204	17.8361163834487	17.9029816099313	16.8833832425699
1::Q8K1B8	18.4417445000961	19.0981794527046	19.0565157981309	18.2881082239343	18.2534168601268	18.5204086038464	18.6284648581154
1::P15864;1::P43274	17.4881133539059	17.126571674956	17.2077752780232	17.126571674956	16.5424333258804	17.3427082219898	17.3188443889195
1::P11152	15.4993285588011	15.8569918954533	15.3993674980865	15.4644689876612	15.352232474977	16.131196707304	16.7689072094161
1::Q9WTI7	17.0777900626781	17.3629535847961	17.8545639020696	16.632537406788	15.634107771148	17.0982424823613	17.1799405792331
1::O55226	11.6256864214066	12.5410515141314	12.196587920834	12.5410515141314	12.6588411573157	13.3289904058428	12.4298963814007
1::P39876	20.7322534811833	20.7322534811833	21.2076098401572	20.2659742673514	20.2234830680975	22.1264415755229	21.4708245052073
1::P59999	18.0530355259464	18.0530355259464	17.4673973485585	18.3736531533742	18.1661889805204	17.9724878622555	17.2077752780232
1::P62631	17.4393526117796	17.6975826546173	17.6124183399042	16.9697404242785	17.126571674956	17.3188443889195	17.6247132369737
1::P01942	-6.12031013970952	16.5241732349422	16.1622245205081	4.74673190713191	-16.6096404744368	17.126571674956	17.4673973485585
1::Q9DCD0	16.3812244766001	15.5825670999999	15.4644689876612	15.9075362440469	18.5674280717817	15.2479218654079	16.0600240185396
1::P06909	21.589238950028	21.2076098401572	21.2888163097838	21.4708245052073	21.4708245052073	20.9301335258353	20.9301335258353
1::Q8QZR4	19.8231665529341	19.6281791230612	19.689295968689	19.7541690788346	20.0804392465904	18.9756799236601	19.5214361660767
1::Q61398	20.0259822829073	20.0259822829073	20.162183925338	20.2234830680975	20.3751995608857	20.3349674140277	19.9632435719843
1::P26039;1::Q71LX4	17.9724878622555	18.2534168601268	18.4752985573758	17.3188443889195	16.6772775086343	17.8797831120285	18.2881082239343
1::Q9JM76	16.8573883452016	16.414750446186	16.2331493850009	17.005785281674	16.8833832425699	16.5580620979657	15.8315914338455
1::P62751	17.2569982290417	17.4673973485585	17.5391652877982	16.8833832425699	17.1799405792331	18.1661889805204	17.8361163834487
1::Q99PP7	20.4268472461912	19.9632435719843	19.7864042266444	20.3751995608857	20.6973110169205	18.7420692706961	19.3167766704853
1::P04186	21.2076098401572	19.7864042266444	19.7541690788346	20.9932943687376	25.6794314674314	20.162183925338	20.1111375383079
1::Q8BGZ7	14.9166649852054	9.88246228951904	13.8290073819787	11.0014955293639	11.0014955293639	14.1555920099287	16.3812244766001
1::P35441;1::Q03350;1::Q05895	25.6794314674314	25.6794314674314	25.6794314674314	25.4544439973884	25.156664641035	26.7018054548395	25.4544439973884
1::P55065	16.7548173135284	16.3812244766001	16.1705335537615	17.1799405792331	18.709353732776	15.9370031889098	17.3427082219898
1::Q9WVE8	14.4803327915673	15.556531737443	15.0730088008932	14.6121285779295	13.1348956526181	16.9437720410151	15.7010627851163
1::Q61035	15.7010627851163	15.3993674980865	15.3798625173368	15.1577073417567	15.6785453047734	16.2518985057275	15.4291674096785
1::Q61147	17.3427082219898	17.1799405792331	17.6721942857537	17.3629535847961	17.6575706477036	17.0777900626781	17.1534529897239
1::B0V2N1	16.632537406788	15.6785453047734	15.9370031889098	15.9370031889098	16.8734657381071	15.556531737443	17.4881133539059
1::P21981	16.1705335537615	15.9986642848546	16.3812244766001	16.6772775086343	13.4249953606815	16.6107366532617	15.5137271596426
1::P08226	25.156664641035	25.4080502466949	24.5358248866194	24.5358248866194	24.5358248866194	23.8865287314588	24.9985932043766
1::P39061	13.2490528953173	11.9517064112996	10.3980471371273	13.1348956526181	15.8569918954533	11.6256864214066	12.196587920834
1::P26040	16.1916438600349	16.7689072094161	16.2006071422813	16.131196707304	16.9138038920668	16.414750446186	17.0459941747537
1::Q9WV32	19.689295968689	19.3634674666185	19.3167766704853	19.5906936068114	19.689295968689	19.3634674666185	19.0981794527046
1::Q91WP6;1::Q5I2A0;1::Q80X76	19.0981794527046	17.9724878622555	18.9139599104578	19.5584825939845	20.2120241034131	15.3798625173368	15.0730088008932
1::P97855	15.4291674096785	15.7646953355842	15.8569918954533	15.3713791243155	15.0502154651188	16.5688009055953	16.1622245205081
1::P41317	19.3167766704853	18.1154786930893	18.0530355259464	20.4782099726406	19.3167766704853	19.9880132752661	19.8231665529341
1::P29621	11.0014955293639	11.3773221271758	11.7411694809997	11.3773221271758	14.4191703911721	9.88246228951904	11.0014955293639
1::Q00896;1::Q00897	17.8361163834487	17.0459941747537	17.5154065164333	17.6124183399042	17.1534529897239	17.6721942857537	17.7630872700961
1::P08607	27.5687177955192	28.1560552374476	28.1560552374476	27.5687177955192	26.9473641500418	28.5814584203584	28.5814584203584
1::Q64514	14.0619109829219	16.6107366532617	14.9477371531754	15.6161624049001	15.740090713181	17.4673973485585	15.7646953355842
1::Q9Z0N1	12.6588411573157	11.0014955293639	9.88246228951904	11.7411694809997	11.6256864214066	12.4298963814007	13.1348956526181
1::P29351	14.2985352842053	14.2118447735217	12.6588411573157	14.567505187847	15.5825670999999	13.7415150177901	14.8453403072908
1::P27773	20.2120241034131	20.4782099726406	20.2659742673514	19.9880132752661	20.1111375383079	20.6253886062268	20.2120241034131
1::Q9Z1R3	15.867131243047	15.9605699074044	14.4975035453705	12.6588411573157	16.632537406788	12.6588411573157	16.781893591717
1::Q8R0Z6;1::Q9R045	17.7311919873332	18.4417445000961	18.4239180081075	17.5154065164333	16.9697404242785	19.5584825939845	19.1509250218328
1::P51437	18.9139599104578	18.9139599104578	18.3516837245314	18.4752985573758	18.2281195809639	16.8308697269516	19.2892838354514
1::P22599	20.6253886062268	20.2234830680975	20.0259822829073	20.2120241034131	19.7541690788346	21.2888163097838	20.3751995608857
1::Q8K0D2	20.2887880634969	19.5906936068114	19.9345456779041	19.689295968689	19.8852362799975	19.9345456779041	19.5906936068114
1::P80317;1::Q61390	15.1577073417567	15.1202153989504	15.352232474977	15.4387812375776	14.567505187847	16.781893591717	15.2647823795393
1::P62827;1::Q61820	20.55601570728	20.162183925338	19.9880132752661	20.162183925338	19.3634674666185	20.55601570728	19.689295968689
1::Q99MN1	15.2107617281426	15.2735968033035	14.9650191454673	14.6419318358966	14.9650191454673	15.634107771148	15.3713791243155
1::Q3SXB8	20.0495848559195	20.55601570728	20.4268472461912	20.2887880634969	19.8231665529341	20.9932943687376	20.6973110169205
1::P01837	16.8734657381071	16.9437720410151	17.3188443889195	17.6975826546173	17.0459941747537	17.7630872700961	18.3516837245314
1::Q6P5F6	13.4739314886718	14.7298801252951	14.3818689669978	14.5396132635982	14.9477371531754	14.4191703911721	15.1024289946073
1::Q3UHX2	15.3713791243155	15.740090713181	15.8315914338455	15.1935335166502	15.2479218654079	16.6772775086343	15.740090713181
1::Q9ESB3	28.1560552374476	29.056470503227	29.056470503227	28.5814584203584	29.056470503227	29.283324748002	29.283324748002
1::Q05117	17.5391652877982	16.9697404242785	17.4393526117796	17.4219537708233	17.5391652877982	17.1799405792331	17.3011152440749
1::P28665;1::P28666	21.0282501369418	21.6584034199124	21.1299263785933	20.6253886062268	21.0282501369418	21.6584034199124	21.5096312355905
1::Q60605;1::Q8CI43	18.3736531533742	19.2075134513607	19.2892838354514	18.4047535293883	17.005785281674	18.8508649325701	18.8508649325701
1::P59325	16.4956562707113	16.5580620979657	16.5688009055953	15.6785453047734	16.3227272019049	17.2309231172615	16.7548173135284
1::P19253	14.4975035453705	10.3980471371273	-16.6096404744368	15.1024289946073	14.8050351457121	4.74673190713191	-16.6096404744368
1::O35451	17.005785281674	17.6124183399042	17.0777900626781	17.3011152440749	18.0072683705408	17.6124183399042	17.3947148618876
1::Q9JKF1	15.9605699074044	16.2331493850009	16.300383291475	15.740090713181	13.4739314886718	16.5424333258804	15.6785453047734
1::Q9CQJ6	15.0730088008932	15.9075362440469	15.4993285588011	14.8453403072908	15.5137271596426	16.2241853058417	15.3798625173368
1::Q60847	17.2077752780232	16.5688009055953	16.8308697269516	17.2569982290417	18.0705746513206	16.632537406788	17.2569982290417
1::Q00623	13.9427077767505	13.4249953606815	12.7526787163171	14.9477371531754	13.7415150177901	13.8290073819787	14.3818689669978
1::P24369	17.3011152440749	16.9138038920668	17.6575706477036	17.20031715036	16.8573883452016	17.5755719331118	17.4393526117796
1::P19221	23.2210280050512	24.0668430845968	23.4930212422541	21.6584034199124	22.5429639941952	24.5358248866194	23.4930212422541
1::Q8BH43	14.3818689669978	15.3713791243155	14.8050351457121	14.0619109829219	14.4975035453705	15.3713791243155	15.2479218654079
1::Q9QWK4	11.9517064112996	12.196587920834	11.6256864214066	10.3980471371273	4.74673190713191	11.3773221271758	13.5814182742115
1::Q8K003	14.5396132635982	15.3339361738856	15.5368531722738	13.8290073819787	15.3993674980865	15.3339361738856	15.2107617281426
1::P39039	16.9437720410151	16.8573883452016	17.0459941747537	17.6721942857537	17.8545639020696	17.2077752780232	17.5391652877982
1::Q9DC11	16.6772775086343	16.8308697269516	17.1534529897239	16.8734657381071	17.0982424823613	16.5241732349422	18.0705746513206
1::Q61268	17.0459941747537	17.7630872700961	16.6107366532617	16.5688009055953	17.4881133539059	15.3993674980865	18.4047535293883
1::Q61838	20.3751995608857	19.9880132752661	20.1111375383079	20.0495848559195	19.7864042266444	19.7541690788346	20.2887880634969
1::P11983	13.8754221190846	14.6121285779295	14.4191703911721	12.4298963814007	14.02839804726	15.1202153989504	14.09997827852
1::P26645	16.0600240185396	15.634107771148	15.6579829386003	16.300383291475	16.4956562707113	14.9650191454673	15.9605699074044
1::P62908	15.6161624049001	14.8050351457121	15.1577073417567	15.8850703207188	15.2647823795393	15.5368531722738	15.0502154651188
1::P40124;1::Q9CYT6	18.8508649325701	19.5584825939845	18.9756799236601	18.6634454218274	18.4417445000961	19.5906936068114	18.709353732776
1::P57776	15.295483236444	16.0742247461297	16.2518985057275	16.3812244766001	14.6849823266543	16.0338171249912	16.2241853058417
1::Q9JHU4	18.709353732776	17.9029816099313	17.7630872700961	18.9139599104578	19.0981794527046	16.9138038920668	17.6975826546173
1::P01592	15.4644689876612	15.867131243047	15.9986642848546	15.5825670999999	14.3818689669978	15.8850703207188	17.0777900626781
1::P56716	18.7892866156306	18.542752519325	18.8508649325701	16.7689072094161	18.542752519325	18.3157278045402	19.0331592643582
1::P31230	14.7496757626636	15.2479218654079	15.295483236444	14.7298801252951	14.6419318358966	15.9075362440469	15.1577073417567
1::Q8CF98	18.542752519325	18.7420692706961	18.8317125131624	19.1509250218328	18.4752985573758	19.689295968689	19.0097754820655
1::Q8VCC9	17.5755719331118	17.6575706477036	18.1838893422702	17.8545639020696	17.6247132369737	18.0705746513206	17.7953042208842
1::Q922B2	14.7721697677297	14.9650191454673	13.2490528953173	15.0502154651188	15.1024289946073	15.4993285588011	14.2558781515204
1::Q6WVG3	18.5954030453946	19.1509250218328	19.2075134513607	19.0981794527046	19.1509250218328	19.401541132947	18.7892866156306
1::P14131	15.3339361738856	14.4803327915673	14.9166649852054	16.0742247461297	15.0730088008932	15.719363007688	14.1555920099287
1::P80313	18.5204086038464	18.7892866156306	19.0981794527046	18.542752519325	17.7953042208842	19.5214361660767	18.4239180081075
1::Q9D0R2	15.3993674980865	15.7010627851163	15.6161624049001	15.4291674096785	15.2735968033035	16.3812244766001	15.4993285588011
1::P16858;1::Q64467	16.5688009055953	15.4644689876612	16.5241732349422	16.4382425153878	15.79756735164	17.6247132369737	16.3227272019049
1::O88947	17.6247132369737	18.1661889805204	17.9283808080284	17.7953042208842	17.8797831120285	17.5391652877982	18.1661889805204
1::Q91WP0	16.2331493850009	14.6419318358966	13.4739314886718	17.4393526117796	17.20031715036	16.344148798228	16.5241732349422
1::P21180	24.0668430845968	23.4930212422541	22.7236609964904	23.7388617480336	24.3979936268131	22.7236609964904	24.3979936268131
1::Q61704	19.5584825939845	20.2887880634969	20.6253886062268	20.55601570728	18.9756799236601	20.3751995608857	20.4782099726406
1::Q8CG14;1::Q8CFG8	20.162183925338	21.5096312355905	21.3903417990777	20.6973110169205	20.4782099726406	20.8496884865061	22.0328303362013
1::P42932	14.9650191454673	15.1577073417567	15.2370316021199	15.2107617281426	15.3713791243155	15.9605699074044	14.7496757626636
1::P50580	17.4673973485585	17.3188443889195	17.7311919873332	16.781893591717	16.8308697269516	18.3736531533742	17.6124183399042
1::P60710;1::P62737;1::Q8BFZ3	17.6975826546173	17.6247132369737	18.0705746513206	18.5954030453946	18.4047535293883	18.1154786930893	18.3736531533742
1::Q9R182	21.2888163097838	21.589238950028	21.5096312355905	20.9301335258353	20.55601570728	22.0328303362013	21.8471375824302
1::O08538	18.4047535293883	18.9756799236601	18.5204086038464	18.2281195809639	18.0387978489674	19.0565157981309	18.4417445000961
1::P01631	16.106767868153	14.9477371531754	15.2479218654079	16.8308697269516	15.3339361738856	16.3227272019049	17.005785281674
1::P62264	18.0387978489674	14.3141358402205	14.4803327915673	17.6247132369737	17.7311919873332	15.9986642848546	15.352232474977
1::Q8BND5	17.20031715036	16.0600240185396	17.2309231172615	17.7311919873332	16.5241732349422	17.3011152440749	17.5154065164333
2::P00924	23.7388617480336	23.8865287314588	23.8865287314588	22.6000870706739	23.2210280050512	23.6316110340452	23.7388617480336
1::Q9ES30	17.6575706477036	18.5674280717817	18.3736531533742	18.1838893422702	18.3736531533742	18.1838893422702	18.3157278045402
1::P51859	15.1024289946073	15.8315914338455	15.0502154651188	14.6849823266543	15.8850703207188	14.9987409579524	15.3339361738856
1::P06683	20.9932943687376	20.1111375383079	20.8496884865061	21.5096312355905	20.9301335258353	21.0282501369418	21.1299263785933
1::P33622	19.0565157981309	20.6973110169205	17.8797831120285	16.7073635548501	19.6281791230612	15.79756735164	20.7322534811833
1::P47857	15.7646953355842	15.0730088008932	15.4291674096785	15.295483236444	16.1705335537615	15.2370316021199	14.7298801252951
1::P58252	15.352232474977	12.6588411573157	14.2985352842053	15.2735968033035	16.7073635548501	13.4249953606815	12.7526787163171
1::P62242	17.7953042208842	15.352232474977	15.634107771148	17.4673973485585	18.0530355259464	16.106767868153	15.719363007688
1::Q6ZWY3	14.3141358402205	13.2490528953173	11.9517064112996	14.9987409579524	14.2985352842053	14.3141358402205	13.4249953606815
1::Q8CG16;1::Q8CFG9;1::Q3UZ09	19.4701891527523	21.4708245052073	21.0282501369418	20.0804392465904	20.0259822829073	20.2659742673514	22.4145567769171
1::P63158	16.7689072094161	17.0982424823613	17.20031715036	16.0600240185396	16.781893591717	17.5154065164333	17.0982424823613
1::P14106;1::Q9R171	24.7834658740369	24.7834658740369	25.2926797306895	25.156664641035	22.9396140194038	25.2926797306895	25.2926797306895
1::P98086	24.9985932043766	25.4544439973884	25.4544439973884	25.2926797306895	22.7946507053789	25.4080502466949	25.6794314674314
1::P62245	14.02839804726	14.02839804726	14.3565961860102	13.5814182742115	14.1555920099287	14.6419318358966	13.8754221190846
1::P25444	16.0126302786805	15.2370316021199	15.7010627851163	16.414750446186	15.4387812375776	16.9697404242785	15.556531737443
1::P63005	18.0705746513206	18.4239180081075	18.5954030453946	17.9029816099313	18.1154786930893	18.8317125131624	18.2281195809639
1::P46412	13.4249953606815	11.7411694809997	15.1935335166502	13.0392608352809	15.2107617281426	13.0392608352809	13.0392608352809
1::P56959	14.7298801252951	15.6579829386003	15.9605699074044	15.2479218654079	15.4644689876612	15.0502154651188	15.5368531722738
1::P29699	19.3634674666185	19.689295968689	20.0495848559195	19.8419220368139	19.0097754820655	20.2120241034131	20.0804392465904
1::Q8BP67	17.0982424823613	14.7721697677297	14.6121285779295	17.5755719331118	17.6975826546173	14.567505187847	15.2735968033035
1::O88783	23.8865287314588	23.7388617480336	24.0668430845968	23.8865287314588	23.1383096735707	24.0668430845968	23.6316110340452
1::P52480	15.634107771148	15.1024289946073	15.4387812375776	16.0126302786805	16.344148798228	15.4644689876612	15.6579829386003
1::Q9R0Q6	16.344148798228	16.4382425153878	16.2241853058417	15.79756735164	16.106767868153	16.8573883452016	16.344148798228
1::Q8BH35	18.2281195809639	18.2881082239343	18.7892866156306	19.0565157981309	18.8317125131624	18.542752519325	18.4752985573758
1::Q8BH61	21.4708245052073	21.0282501369418	20.6973110169205	21.3903417990777	21.8471375824302	20.4268472461912	20.55601570728
1::P34928	18.4752985573758	19.0565157981309	16.8573883452016	16.106767868153	17.3947148618876	14.8453403072908	20.0495848559195
1::Q02105	25.4544439973884	25.2926797306895	26.0289566491366	25.6794314674314	23.8865287314588	25.4544439973884	26.0289566491366
1::O70172	14.6849823266543	14.8858771240506	14.7721697677297	14.2985352842053	14.9987409579524	14.7496757626636	14.7721697677297
1::P01872	19.9880132752661	20.3751995608857	20.2887880634969	20.7322534811833	17.9283808080284	20.6973110169205	21.3903417990777
1::P51125	15.6785453047734	15.3798625173368	15.3339361738856	15.5368531722738	15.6579829386003	15.2735968033035	15.634107771148
1::P20918	18.1838893422702	18.2281195809639	18.3157278045402	18.5204086038464	18.5954030453946	18.4752985573758	18.1838893422702
1::Q78PY7	15.4387812375776	15.9370031889098	16.0338171249912	14.3565961860102	13.8754221190846	16.0126302786805	15.4644689876612
1::Q99020	16.3227272019049	16.7073635548501	16.7548173135284	15.8569918954533	16.7548173135284	16.7689072094161	16.4382425153878
1::Q01339	21.3903417990777	19.8231665529341	20.55601570728	21.7183567814518	21.589238950028	20.1111375383079	20.162183925338
1::Q61129	17.1534529897239	17.2077752780232	17.6975826546173	17.9283808080284	17.6124183399042	17.2569982290417	18.0387978489674
1::P40224	15.719363007688	15.295483236444	15.79756735164	15.352232474977	14.09997827852	15.8315914338455	15.8850703207188
1::Q8BYK5	14.2558781515204	13.4739314886718	13.4249953606815	14.3818689669978	15.7010627851163	12.196587920834	13.2490528953173
1::P26638	15.9986642848546	16.7548173135284	16.0742247461297	16.4956562707113	15.9370031889098	17.1534529897239	16.2518985057275
1::Q9WUM4	12.7526787163171	13.7415150177901	14.09997827852	12.7526787163171	13.5814182742115	13.2490528953173	14.567505187847
1::Q9ER72	4.74673190713191	13.3289904058428	13.5814182742115	13.3289904058428	12.4298963814007	14.3565961860102	11.7411694809997
1::O08677	26.7018054548395	26.9473641500418	27.0751433566447	26.7018054548395	27.0751433566447	27.0751433566447	26.9473641500418
1::O88968	19.9632435719843	20.2659742673514	19.1509250218328	19.7864042266444	20.6253886062268	18.4417445000961	19.7541690788346
1::Q61703	27.0751433566447	27.2147988169783	27.2147988169783	27.0751433566447	27.5687177955192	27.2147988169783	27.2147988169783
1::P80316	16.5424333258804	17.0777900626781	16.5580620979657	15.9986642848546	16.4382425153878	17.3947148618876	16.414750446186
1::P61358	13.5814182742115	14.4191703911721	13.3289904058428	13.9427077767505	14.3141358402205	14.2558781515204	13.9427077767505
1::B2RPV6	19.5214361660767	19.8419220368139	20.0804392465904	18.8317125131624	18.4239180081075	20.2887880634969	19.7864042266444
1::P09405	16.8833832425699	16.781893591717	16.781893591717	16.3227272019049	16.414750446186	17.0459941747537	16.9138038920668
1::P80315	15.3798625173368	15.719363007688	15.1202153989504	15.2647823795393	15.1935335166502	16.1916438600349	14.2118447735217
1::Q06890	20.8496884865061	21.2888163097838	20.9301335258353	21.0282501369418	20.9932943687376	21.5096312355905	20.8496884865061
1::P11031	15.79756735164	16.106767868153	15.719363007688	14.7496757626636	14.5396132635982	16.300383291475	15.3993674980865
1::Q91Y47	22.4145567769171	22.4145567769171	22.4145567769171	22.7946507053789	22.6000870706739	22.7946507053789	22.1264415755229
1::P63325	14.8858771240506	14.7496757626636	15.5137271596426	13.4739314886718	12.196587920834	15.352232474977	14.9650191454673
1::Q8BP47	16.0742247461297	17.3011152440749	16.5424333258804	15.8315914338455	16.2331493850009	16.7073635548501	17.20031715036
1::P08071	22.5429639941952	22.7946507053789	23.2210280050512	22.7236609964904	22.7236609964904	22.9396140194038	22.7946507053789
1::P43025	23.4930212422541	23.6316110340452	23.6316110340452	23.6316110340452	22.4145567769171	24.3979936268131	23.3948877068673
1::P62900	15.5825670999999	14.567505187847	14.7298801252951	14.2558781515204	14.8858771240506	15.7646953355842	13.3289904058428
1::P80318;1::P60334	16.9138038920668	16.8734657381071	16.7073635548501	16.0338171249912	16.1916438600349	17.4881133539059	16.7073635548501
1::Q9QXC1	13.7415150177901	13.5814182742115	13.7415150177901	14.8050351457121	14.2558781515204	14.2118447735217	14.6121285779295
1::P80314	16.2006071422813	16.6772775086343	16.4382425153878	16.1916438600349	15.3798625173368	17.3629535847961	16.2006071422813
1::P01027	21.5096312355905	20.9932943687376	21.8471375824302	22.0328303362013	21.5096312355905	21.3903417990777	21.2888163097838
1::Q8CGC7	16.300383291475	16.3227272019049	16.6772775086343	16.2331493850009	15.867131243047	17.005785281674	16.5580620979657
1::Q8C8R3	15.8315914338455	14.9987409579524	15.2107617281426	15.4993285588011	15.1202153989504	15.1935335166502	15.79756735164
1::P51670	19.1509250218328	19.2892838354514	19.4701891527523	19.2892838354514	19.5041984781938	19.4701891527523	19.0565157981309
1::O08638	-16.6096404744368	-16.6096404744368	-16.6096404744368	-16.6096404744368	-16.6096404744368	-16.6096404744368	-16.6096404744368
1::P62918	-16.6096404744368	-16.6096404744368	-16.6096404744368	-16.6096404744368	-16.6096404744368	-16.6096404744368	-16.6096404744368
1::Q6URW6	-16.6096404744368	-16.6096404744368	-16.6096404744368	-16.6096404744368	-16.6096404744368	-16.6096404744368	-16.6096404744368
