0	1	1	1	1	2	2	2
1::Q61805	23.0024659982617	22.6845326890498	22.5928436455197	23.3382380228578	20.5380082977298	20.2724378761234	19.4820527770222
1::P05367	18.7514892960207	18.7674652840019	18.2377090616886	18.7114360291758	11.5092388712792	10.205342100287	11.7845735272616
1::P05366	19.0096765348341	18.9475808058645	18.4620801757467	19.1126161911306	15.9094161472275	14.1258548561762	15.839674737469
1::P10922	14.2772242990068	14.0783085354939	14.2887112745435	14.7276408032196	11.7642233711803	12.5594292419581	9.50998673169629
1::P05017	22.560751859264	22.2622812262228	22.3736468032167	22.8548800300715	23.6542388966421	23.3663234323411	22.7317231768215
1::Q8CEF9	11.6372435217541	9.77939473587542	10.6543551249257	12.7109591935449	14.0621956518517	14.0933326640737	13.6689376166407
1::P20033	15.0284870587515	15.1749671051782	14.979999806662	15.3060978703076	16.1724751445726	16.481712033258	15.7260197977499
1::Q61646	18.2701158883315	17.3518035514228	18.3305613786715	18.5373473774348	15.4285883802677	12.0863817698721	13.4246390982081
1::P47877	19.0963654258196	18.6314964062378	19.1748396072442	19.6611786467286	20.8064005740933	20.2887230627519	20.0460350135295
1::P48787	15.8386923001403	16.0406083360127	16.0095371908242	15.8475061726514	14.3134823573045	14.1611767877436	12.2269631446943
1::P18419	23.3457135704713	20.5818732811178	23.2868254031869	24.3766442003462	17.4519676263194	17.6136741383413	16.1503275868616
1::P27656	19.5171640405761	19.227816664919	19.516247260362	19.8923942516326	20.8748490432281	20.3976499652941	19.66359383969
1::P98064	17.3174832707731	17.3770765477635	17.6520188419068	18.0682015480386	18.6196464961056	18.352710851147	18.1996045774642
1::Q9DBB9	20.7021684722444	21.258555306796	21.2842879083373	21.8286211402891	22.7540925576293	22.7056806475076	21.8098424164719
1::O08692	18.9830624108535	18.0661033491254	18.2288794078004	19.1231223035862	17.7101546937728	15.8810669398881	15.7862960154615
1::P21570	20.1345229118841	19.8601569685197	20.1923568858649	20.4307701368752	18.7574575250526	19.3129513781367	19.021271273852
1::Q8K0C5	16.802126769462	16.1585866865985	16.9322064838125	17.7339789518047	14.3701599878043	14.9239907632414	14.2113188467863
1::Q61581	18.1868599738996	18.1792154040819	18.4592540165445	18.5144504083167	18.9666415050363	19.2869328952556	18.5607806088908
1::Q9DD06	20.0546056334464	20.0163319498676	20.0777144940683	20.4284848267822	20.7211940213689	20.9531113617394	20.0067103568932
1::P32921	16.5844115340141	16.2290053229618	16.1013702866564	17.0098703524644	15.4695804438473	16.0511533073593	14.7097754304368
1::P50752	16.9475816590736	17.3364244313182	16.6226799982215	16.6907530845544	15.8499647951853	15.0517238901118	14.3871524723496
1::Q6ZWY9	19.0292107033735	18.5167684323295	18.8710056515603	19.1048082100459	18.106874603332	18.1492913933072	15.8942627770895
1::Q91X72	16.0905527793693	15.4842701058576	16.2257743260973	16.6859602196733	15.2240690720249	14.877021859019	14.527730319872
1::Q62151	11.0349032041865	11.3969631479237	11.0582713748089	11.6536083894668	14.4409433269763	16.0041911127682	15.1257705772581
1::Q91YW3	11.0318462533178	8.78213928510656	-16.6096404744368	12.1798284003745	12.3958337329405	12.9707981442252	12.224317572635
1::P05208	14.1993010254367	14.3716448270281	14.7141696206791	15.7268639859333	9.73602257713271	12.1819682872958	11.6056491229142
1::Q9JKR6	18.0926808141444	17.9072936251093	17.9664469848691	18.4109810443546	17.54037054042	17.8945159314796	17.3066808974381
1::Q8QZT1	15.9057864243537	15.5735772801132	15.812882269005	16.7047351794735	15.3810286097681	15.2608822841365	13.8387274310997
1::P48678	14.3813980681007	14.3533162198544	14.7871100620784	14.9600657642081	15.6633702934245	15.166977792806	14.6305356626072
1::P70274	18.3331568959297	18.2214202764041	18.4925320966379	18.5544900999172	19.3354231380867	18.8192301853045	19.0787488832648
1::P11247	17.5385734079799	17.1103666417782	17.5011895563187	18.0075755734484	17.4199886546689	16.7041661083767	16.023945202837
1::Q64487	18.4201344910479	18.5424778220005	18.8368679210219	18.9690956631091	19.2176501635475	19.5920517017735	18.9427534768706
1::O89053	12.691334047286	12.4486272080698	12.7794182417607	13.600209974695	15.2402346153531	13.859755866534	13.8549253976052
1::Q99PL5	14.6172049066065	13.8373332335976	14.820185397874	15.2969680821868	13.4573760230514	13.942794255123	10.83883291268
1::O88803	15.9427159783313	16.1678024725029	16.9131599658225	16.9943508423039	17.2379191597212	17.9348565471873	17.2357231917641
1::Q9JM99	22.423037555768	22.2710062382112	22.1457506917502	22.8135803215547	19.9751580931516	21.8608284143698	20.7022202550634
1::Q62009	18.596174462596	17.7677559714418	17.3575058758853	18.7943485843253	19.552709761662	19.0778368131692	18.3203066771477
1::Q9JJH1	22.6781648916304	22.5025975812606	22.8172104106153	23.2850656764171	22.1178740387167	22.3980530093628	22.0371051408568
1::P26262	25.1142407364964	24.8605320809627	25.1711461605608	25.6369252631486	26.2385565792132	25.7156037465152	24.9750066394081
1::P97430	21.3188072624904	21.4350108333895	21.4542635303722	21.6648100130067	21.9834802163999	22.5712584777988	21.3819661730863
1::P31532	18.854309429979	17.2179951256091	17.2397764872061	18.5339779088648	16.6321096379816	15.8561527642236	16.0478153042625
1::Q8BH64	15.4555586758112	16.2695858752491	15.7858452762724	15.490008569206	13.0472779035797	15.2076882404958	13.0766265498702
1::P0C0S6;1::P22752;1::Q64522	16.7301444140283	16.0674141937255	16.3790961410205	17.5064662280714	15.7720208276719	16.1249984585823	13.3819625505723
1::Q8BWT1	16.4211930401693	15.7665693777183	15.7860404764335	16.6132685398041	15.9074146634076	15.6645446653989	13.7333640576288
1::Q9CZU6	19.651579029872	19.4239287500315	19.5631673973919	20.1111424331066	19.5845136146955	19.1605962529213	17.6992947851725
1::P09535	17.0714189788175	17.571610132414	17.1153279677913	17.5896982845003	18.4337946348563	17.7949419852486	17.2620459558818
1::O70410	19.4179596817073	18.4051929429278	17.0879132888724	19.3019362444765	16.7880233458745	15.667313039494	16.9664719199866
1::Q8BK62	16.2724790057345	16.540920744704	16.7887981657408	17.0407385239194	17.2028143225964	17.7805109731312	16.7645867041842
1::P32261	29.7795628177862	29.2687287526431	29.1197163371256	29.7585486186118	30.0866304049115	30.3655814480451	29.2272237632442
1::A2A8L5	17.9312921726853	17.3389842566014	16.9192675238992	18.7267603246032	19.5383875459012	18.4093683018584	18.2444921600845
1::Q8BGD9	14.7268467353998	14.2846303909555	14.198637994382	14.936971272996	14.9037268003963	15.7526216223605	14.893672722027
1::Q8K1M6	14.6513025165158	14.9393602582601	14.3327507644122	14.3829193888232	15.0121410345573	15.8434402846118	15.2722876783766
1::P47880	19.8068947249862	19.4205926049599	19.2071299289642	20.1611280094768	20.4816539351079	20.0024003671294	19.5181501934112
1::P47878	23.0032381431837	23.0957574292206	22.9826595765619	23.6554359153047	24.1107748316106	23.5027448156111	22.9656188842483
1::A6X935	26.1389773434847	25.4829463898356	24.9221375311408	27.0863642217673	25.5661220481102	23.4383190777431	23.570507043612
1::Q71KU9	13.1345298404652	11.9318565222748	13.1704430333454	12.5005093104755	12.3773722254752	8.24969983683736	7.57535746488338
1::P29788;1::Q8BP99	22.4083154427226	22.2048168690353	22.7404967794182	22.8583407220406	21.9735828020054	22.3653818607696	21.6095448557527
1::Q8VI78	18.0676253877645	17.445853558237	17.9219254495012	18.1133392570596	17.3377697760559	17.8171075526789	16.5681727544568
1::P11276	27.1031363236438	26.6373956033725	26.51629284204	27.8552489931345	26.4852239016257	26.6950927875325	25.7755075015065
1::P07759;1::Q03734	19.7882008929088	19.2981003919527	19.7250221046504	20.7333445038968	19.6525392598006	19.2803056728675	18.2303162396027
1::P50228	12.3684322519278	13.2405205649099	13.3149374455794	-16.6096404744368	13.5475442797007	14.6002303546953	13.6399837359632
1::Q61543	13.1505734400799	14.3778682947812	14.636624606384	13.7786358715537	14.8250329908867	16.1448398875474	14.9180612199461
1::Q80YC5	26.2004993939813	25.4837031305715	26.0936129587596	26.6065465147547	26.7387088461891	26.7023028686655	26.0412439631928
1::P10126	20.1720586860636	20.3667688993958	20.2367911667422	20.5122949771344	20.1381804912362	20.2405516498025	19.6432141880166
1::P01867	15.1546651416531	15.5851762313478	15.0487953945935	14.9770175282639	17.238191793974	15.7300319313636	15.7052173671122
1::Q07079	21.6173451183108	21.4804448944894	21.5027782369173	22.2135268113271	22.3127522539717	21.9645039271349	21.4200312798959
1::Q91XQ5	16.5292425480199	17.1799642782632	17.2238675933025	17.6565484171021	17.5389999956258	18.1841856141406	17.5233080937909
1::P09803	18.2007585853107	17.7907312144485	18.3973763753518	18.3756343490798	18.2503275567131	17.4714210360619	17.067808696089
1::P13020	23.5005228331711	21.4336901280739	22.6438991373585	23.5040440823956	24.9779176540589	23.4241834178079	23.7285780431716
1::Q9JJN5	24.6144114849997	24.4417863089925	24.3144489752343	24.6907742066761	25.5029837430293	25.2420516569122	23.9996190846784
1::Q6YGZ1	14.2341059194891	14.2792318021222	14.1264615331279	14.0564176102848	15.6614598237334	16.4882222516926	14.0574836060286
1::Q3UQ28	17.1529599096761	17.6270790670414	16.7580821738763	17.7795940678879	16.396657843129	17.074727025769	16.3522391496092
1::Q61508	24.6709996016059	24.4864801139491	24.8170263298432	25.2479006828144	25.4981547835569	25.0995721721646	24.5215465405989
1::P07724;2::P02769	23.0401043700734	21.542302797512	22.0730178357237	22.5426174411219	21.4163602400497	21.5403598032691	21.4205771438813
1::P17897	19.7268274891504	19.3749406608907	19.7382674031963	20.3290133632827	20.0920425086013	21.6339146267178	20.1334585563798
1::Q8K182	20.5301815414852	20.6765951609257	20.6554375487708	21.755322817263	23.9873837108815	21.7137757921096	20.9753471753927
1::O09164	19.6355378362995	19.9300652070136	20.2176185019161	20.4206995587798	20.4320754453293	20.6735380434025	20.2333143172762
1::P31240	17.2447950135108	17.3833635609812	17.2855157124769	17.5600739797971	17.8584839377939	18.8298207097399	17.2782800475844
1::P97290	14.6177129614166	14.8364250139857	15.1667552798455	16.2796822713419	17.5896988315783	15.6079645494652	16.07565958581
1::Q64739	13.4285164239244	13.8176925338673	13.9710940328705	14.6756315752479	14.4734724050097	15.3620692713029	14.1254964061123
1::P06684	17.8242482238187	17.0373168795507	17.671033459299	18.7893089676499	20.8017767381868	18.8992947127346	17.8165367910629
1::P31725	15.1490159988217	16.9735913505995	15.6714622644748	18.1877567507445	14.5487291523688	12.9303657438177	12.7750014638074
1::Q8CG19	15.5006967284471	15.9341605655048	15.7594554936514	15.6066347899418	15.6300063405873	17.0959245868398	16.5060897860263
1::Q4ZJN1	15.1798386904537	15.2726353918825	14.9104627224238	16.1928141086868	15.3081807762033	16.7666101536659	16.404540945363
1::P26928	17.7037460261714	18.2721808993702	18.4961158860763	18.5535066078031	19.4255314493121	18.433921649001	18.390633667069
1::Q61247	18.4649455322238	18.1900294985191	18.4011504380176	19.2563508350561	18.8365090821914	19.309834271574	18.6337036400076
1::P27784	17.3139967115851	17.8756893244553	18.033068978146	14.9869551343355	15.1290897323746	15.9268814120466	15.8175221344685
1::P60867	15.8722618285317	14.5734324759644	14.6519579217477	16.0838106346199	13.8004519388721	15.1664251096033	13.6420509560067
1::Q07456	26.8396905841883	26.9854734261702	27.015787100025	27.5637309253729	27.4876812031742	27.5737321828782	26.7678198939032
1::E9Q414;1::Q9EST8	22.2141025171187	22.3021023939328	21.5018866280357	22.126294398123	21.1237398362984	19.8842468228784	21.7018808984958
1::P26043	18.0685698906184	18.2433081506814	18.1115018815756	18.2955340657909	18.289422603763	19.2020757837466	18.2372691167063
1::O70251	15.1532021907668	16.5162274836815	16.2964673686336	16.3297489585515	12.9814536901693	15.3870455560637	15.4759735962075
1::Q921I1	20.425168320219	18.7517079073231	19.4365075258863	20.0277827613751	19.4490118461344	18.5486401000778	18.6428271718087
1::P47879	20.0808296936358	20.0976673537002	20.0961222060404	20.4536996209814	20.1960560481444	19.8628028815442	19.719916908412
1::Q8VCM7	28.9696279618293	27.7484573848871	27.3946256977644	29.0350183958822	28.4716313206513	26.9317846316669	26.5055485942876
1::Q6ZWN5	15.4396230602959	14.3505226944433	14.0941603742789	16.8318610770508	14.2547250022843	13.0518177585797	12.3151609109786
1::Q8VDD5;1::Q61879	19.7369783684306	19.7715989074228	19.3608615629128	19.7825645122862	17.9695985376365	19.4812573471656	19.0234231877214
1::Q9JHK5	19.7529087208432	19.7434740822254	19.3243824142781	19.5391393856397	18.4817827082395	19.1542767116031	19.1499031623443
1::O08842	15.0764465413541	15.4728485305304	15.6013237302853	15.7324430330195	15.7948016135954	17.0190621135139	15.4350514799846
1::Q03401;1::Q03402	16.7769200975521	16.6847391721515	17.1214042869843	17.3920435864699	17.3603223918802	18.0660738356664	16.7112981216351
1::P14869	13.1068805331183	12.6153734029774	12.7503628592786	15.3326407441425	11.7561186358623	11.2332865075456	5.3432388689071
1::Q8R429	14.7778610983293	16.0686676257741	15.9651324784038	16.56573698008	10.5739830464252	14.9438655972873	15.4373537078344
1::Q99JY9;1::Q641P0	20.2839380994782	19.8677520080705	19.7651734522571	20.7790690280374	20.0994984026404	20.1559338135231	19.0838587411362
1::P42669	18.321530172654	17.7006755301151	18.3542077404359	18.6871542192584	18.3275272839846	18.1300392152033	16.3300195342593
1::Q09098	18.7657592202404	14.1697807763884	14.8867247066586	19.2823647985132	14.1829636679492	13.6016936105141	14.0129570972548
1::P20029;1::P16627;1::P17879	16.1779161307262	15.8241249269394	15.8705164741899	16.7094970980816	15.5136382666068	15.6116525512959	15.7532718637158
1::Q3THE2	17.3843538668572	17.681202807984	17.4640022403339	17.3138305973062	15.6229747437391	17.6363083917328	16.3561032721411
1::Q8VCG4	20.9943768489707	20.9132981777595	20.8872886708915	21.5907468048024	23.7476226916607	21.4808613163283	20.6866578901933
1::Q9R098	11.4286504691217	13.085269794428	13.2359746198234	14.7776966383824	16.429056906201	14.4373666635588	13.2669966540143
1::Q00724	13.975505262162	15.5454693064122	16.2432122446635	17.0014763304349	16.3975669005331	17.9768035460638	16.1115345060933
1::Q60817	16.8360007923936	17.5121260147318	17.2479707469315	17.2641013822942	17.7335365495722	19.1024559943189	16.8746189839439
1::O70362	15.0997505046444	14.9111684127143	15.1678168445877	16.7076674083358	17.7960843170778	15.913754968737	15.5518352139193
1::E9PV24	30.2179837200052	29.3852177285825	29.3550652328346	30.4117706882393	30.3815325620543	28.572819523808	28.2221720078116
1::P12399	14.4900694110514	15.214506426365	15.3064757577641	15.3903896756207	14.6424953882753	16.3268359092332	15.8351589486826
1::Q62446	15.6244554819287	16.3806134247964	15.7356019154801	15.9312348476003	15.614235321088	15.4209406929151	15.2719033704227
1::P26041	18.8691011712533	18.9114716388224	17.9945248704695	19.0197459581581	19.4975519409627	18.6288009639246	19.2291006342147
1::Q07235	15.4548040724084	16.4115583223564	16.9050576222567	16.2629084914278	15.8917708854803	18.6288221845069	16.9349224286672
1::P97298	14.8593722915676	15.638614669202	16.0185006355899	15.6867160779404	21.168080443308	16.4953709339494	15.87643367001
1::O70165	14.9043030021721	13.8458434551995	14.2750999455685	15.1932924953801	12.2464849783774	16.3159455598512	15.8027880840368
1::P97333	19.5667192030664	19.6153773093917	19.7279472659343	20.1065698040155	20.119090601568	19.7915916913289	20.1720257724359
1::B5X0G2	16.4326726003744	17.1613627154106	17.2218579513771	17.1639145156024	16.9893371687865	16.0043011000677	16.3942302414415
1::Q8K0E8;1::Q9JJ59	29.3908804540595	28.4843074877468	28.4265822389358	29.7419046438241	29.5779146957079	27.6969887992124	27.4336249126061
1::P02088	17.107597557895	17.2772796329811	17.7238287980464	18.4465432327478	17.9848650589089	18.8247671891566	17.3925752519577
1::P01029	23.112850831466	22.7060585472463	23.4341029112289	23.9324549313734	23.8799858455548	23.8199831969585	22.9385223432534
1::P70389	12.8507480622759	14.152836919314	14.1507595383276	14.6071600390987	15.5531088321608	13.5915255091829	14.3137772694717
1::P61161	18.6890164888884	18.5560502833053	18.2679936006049	19.1112796780353	18.74490210984	18.7531036018955	17.4590461170684
1::Q99MQ4	16.2112468869264	15.8931970539977	16.4473524352684	14.7109075134988	12.7296044600392	15.9681641695774	14.9468541206179
1::Q9Z126	25.1587288373526	24.9496906026458	24.4820993599359	25.4131930099922	24.7376875189584	26.8444922269208	25.244606292986
1::Q61702	27.2015644495453	27.5032307240053	27.5541285468248	28.0439014420141	27.5591205772888	27.6178372255767	26.6465740757731
1::P06728	16.2478041626014	17.6051068458151	15.5074985408751	17.9284424130556	15.1578118015461	16.530121241012	16.0681714727367
1::Q9CVB6	18.2724396073297	17.7339650688757	17.2950729936944	18.5598061626113	17.9173698229329	18.065819584132	16.3586388734135
1::Q8K1B8	18.6135154054343	18.9775631237288	18.8730741425672	18.7098138117504	18.1663365145313	18.6683454200876	18.3197370166876
1::P15864;1::P43274	17.4993095062286	17.083146295185	17.168109548543	17.6435052629533	16.3950158560017	17.5357844916262	16.6969781427143
1::P11152	15.4090151128689	15.8031119057046	15.3214614886346	15.8000287326355	15.0217106540767	16.4208370493295	16.2609751741234
1::Q9WTI7	17.0375860707489	17.2896222052185	17.6925091071846	17.0480899569293	15.3381447782573	17.3929892560171	16.5418762613492
1::O55226	11.4507384812084	12.0516572920647	12.3586393225083	13.0753052098481	12.3155770417063	13.4849504319775	12.2219127563035
1::P39876	20.5681080345346	20.5357012489389	21.0788986682329	20.7030203108988	20.3133902463164	22.3106481258573	21.2927821485083
1::P59999	18.220116249029	17.8765959850712	17.3550014362537	18.7553269150678	18.089788084453	18.093063251249	16.5640122748184
1::P62631	17.4307552098159	17.5770525108692	17.4659749617564	17.4224609460375	17.0561448868801	17.5264557772938	16.9127935735137
1::P01942	6.56455179783666	16.5211944333947	16.0649556421191	6.380326488375	-16.6096404744368	17.4103685470385	16.7917870007939
1::Q9DCD0	16.4196929583456	15.6226638689528	15.4054960594774	16.5782381530676	18.4669680470116	15.695225410236	15.7633819259166
1::P06909	21.3111133526309	20.9669265940095	21.1666860122678	22.0041184902585	21.48798309888	21.162174496484	20.6541270667093
1::Q8QZR4	19.739542687351	19.5377874574205	19.6194960277418	20.2528276930274	20.1474689766754	19.1342694876011	19.1030634244756
1::Q61398	20.0289998525084	19.8240616337893	20.0483737865012	20.6702898803503	20.5542266430095	20.4473336049769	19.6617952474151
1::P26039;1::Q71LX4	18.2005818981616	18.135282959834	18.3746472263791	17.915787994638	16.4784971480998	18.018133219367	17.8598146089845
1::Q9JM76	16.8889533781353	16.4751137405076	16.124533743792	17.489077296513	16.7613586663441	16.8216484256724	15.4247052034696
1::P62751	17.1898933483101	17.3727020490081	17.4197561137175	17.3095566887357	17.1649573873275	18.3266835208311	17.2234584390196
1::Q99PP7	20.3444949973649	19.7741580265682	19.6896627100049	20.7395458075056	20.7933925664336	18.9610052518851	18.9930705913438
1::P04186	21.0126739866346	19.6493140898218	19.6776569085644	21.6447190246294	25.7944405039715	20.360388739068	19.8718737939901
1::Q8BGZ7	14.8565383937956	10.0117314088124	13.8382492008549	11.8911483610398	11.4049207277406	14.2234625659997	15.9397169877752
1::P35441;1::Q03350;1::Q05895	25.3399230283521	25.2407306885653	25.4158288328997	25.6592680478755	25.1663718118192	26.9085272421538	25.2943565039568
1::P55065	16.7961595524649	16.4325581115323	16.0726236031423	17.7234819554858	18.6709440285326	16.2375287781618	16.6969948100772
1::Q9WVE8	14.499602085396	15.586054738748	15.0285885712409	15.0705900372463	12.9550759886768	17.1741499113028	15.3128568980003
1::Q61035	15.5833908808344	15.4462760875552	15.311552650056	15.5373950619163	15.3566125635863	16.5315657417667	15.1065698733794
1::Q61147	17.3006910643137	17.1425724957383	17.5458471939933	17.9899169059689	17.7887591137092	17.3585400483855	16.5138297307609
1::B0V2N1	16.7303289362626	15.6652854128136	15.8433684420298	16.6041886259851	16.7581406538388	15.9053470369979	16.8218735362004
1::P21981	16.2234963851839	15.8699845510005	16.2442347829236	17.1113189854566	13.1462036168936	16.8897010787363	15.2344140063877
1::P08226	24.9419275957106	25.0939151757552	24.3175451623711	25.1749160588669	24.4967440297251	24.0672196601688	24.8186780787978
1::P39061	13.3341617235661	11.8040453138378	9.42159196570315	13.7539293343122	15.4823100877969	11.8839493767039	11.7977413614157
1::P26040	16.2295486220237	16.861227822447	16.1045555300077	16.6709718373296	16.7858204004294	16.6618199865268	16.4430785661565
1::Q9WV32	19.6768708596111	19.2542566793282	19.1119753275901	20.1119960188257	19.7642148882531	19.3337310758047	18.8267073852097
1::Q91WP6;1::Q5I2A0;1::Q80X76	19.047437277327	17.7678608932625	18.6425843642307	20.1116262853298	20.3100689927819	15.8032869563194	14.6590375807996
1::P97855	15.3291885856375	15.7342776675247	15.7803656726721	15.7146242872938	14.7689466246949	16.8366379185605	15.8294810542591
1::P41317	19.4375644372812	17.94438804559	18.0088802542213	20.903958199819	19.4728796473978	20.1745523134002	19.4701482696569
1::P29621	11.1291527640417	10.8804941066344	11.1978997550106	12.1731640267709	14.2506952495594	10.1104426149325	10.187192860667
1::Q00896;1::Q00897	18.0492592586385	17.0574616235809	17.4072379130696	18.1773096711926	17.1159615466178	17.7899141049797	17.114665228475
1::P08607	27.4318270137749	28.0847445362961	28.0074971914932	28.2750176211073	27.0790943821454	28.1274567747837	27.4484085272482
1::Q64514	14.1760331295074	16.6787660980736	14.9450189446621	16.0649657281371	15.4075593397127	17.6442612174496	15.3636470093394
1::Q9Z0N1	12.8579592653415	10.5104123595866	9.05822731808767	12.4530333454445	11.7521195281572	12.3940978092771	12.4774150361889
1::P29351	14.3533176880205	14.1802420669547	12.872530218603	15.0204060046079	15.245630057414	13.8373819632489	14.2406669517331
1::P27773	20.1269100831145	20.1962344977838	20.1592765441109	20.4384394256445	20.1635922337633	20.840977010832	19.9819403783197
1::Q9Z1R3	15.8397051103548	15.8544608773182	14.580389622052	13.2112315415436	16.4334811766198	12.6807730370444	16.2720319072205
1::Q8R0Z6;1::Q9R045	17.9124321014893	18.2591542027848	18.332203058753	18.0784491173383	16.8864006959394	19.5236498637793	18.923316548914
1::P51437	18.9638530876941	18.8544384912662	18.3019720238527	18.8345784466107	18.1488707560658	17.0506015177806	18.9834121133871
1::P22599	20.5290915047291	19.9456959099043	19.7822046386055	20.6676438608375	19.8563910256533	21.5836540790386	20.1647556811694
1::Q8K0D2	20.1980173110591	19.5059294194182	19.7588637615395	20.2459905258732	19.9854614623318	20.0407208279803	19.1678121628978
1::P80317;1::Q61390	15.098840236788	15.0675334586031	15.2875769080922	15.7765810054544	14.3100595717462	17.0484628512255	14.9289780153427
1::P62827;1::Q61820	20.5017070420711	19.8939517305655	19.780408437204	20.617977212004	19.4814062379769	20.7367448632775	19.2733369844404
1::Q99MN1	15.1109995816229	15.2757186156815	14.959694920678	15.0713669861668	14.6506487614298	15.9540494896987	15.0308189452758
1::Q3SXB8	20.043513832012	20.296798906535	20.2190265745401	20.7117667562517	19.9527608249672	21.2310213998537	20.4105152218173
1::P01837	16.894620843828	17.0020130571251	17.2346951990646	18.2375142858935	16.9409035738722	17.8871588417424	17.9019113084585
1::Q6P5F6	13.5169881849851	14.7347305768277	14.3813152579066	15.0128076294087	14.6445834589215	14.6043027730401	14.7079227025516
1::Q3UHX2	15.2838236441087	15.7324644033634	15.777698289423	15.5425966378142	14.9232572215067	16.9866103382562	15.3154911996768
1::Q9ESB3	28.3628815059917	28.7969914349924	28.8715487812596	29.0359112562575	29.798976676834	28.7109531790729	28.2591331258632
1::Q05117	17.553579795663	17.0061838217016	17.3144558628961	18.0180044404589	17.7165148816583	17.4576941098514	16.6512920137926
1::P28665;1::P28666	20.9665884221714	21.4284438489661	21.0508606069334	21.1588407429792	20.8727924896871	21.8015801074741	21.3220216124446
1::Q60605;1::Q8CI43	18.5167996563926	19.1100953863055	19.0625689105564	18.7642272079205	16.9381859708041	19.0919175891111	18.627286949935
1::P59325	16.4798559722764	16.6220755614237	16.4253206819434	16.2010271420078	15.9680407054874	17.4936606242642	16.2441752603694
1::P19253	14.501962630488	10.1806130554	-16.6096404744368	15.4871289683775	14.5184080518708	9.88904142588669	-16.6096404744368
1::O35451	17.011437372123	17.5490844610232	17.0821262380826	17.9137829587177	17.9894060685689	17.7427462887985	16.7194594778969
1::Q9JKF1	15.9526470642685	16.2407028483134	16.2079998092947	16.3139093447459	13.14862479861	16.8133269876301	15.312376602544
1::Q9CQJ6	15.0336333836693	15.8476852717669	15.4482985248351	15.2737512546699	15.1700897020727	16.5202943111615	15.0541933851338
1::Q60847	17.1369364764584	16.6406274488441	16.7097173033416	17.8154253583773	18.0360118493542	16.9722356641911	16.6159122002896
1::Q00623	14.135233195138	13.5606531020403	12.9463770242203	15.3180698315452	13.3115617074732	13.8538267770521	13.7149227984486
1::P24369	17.2331187702185	17.0018274464048	17.53884464245	17.7338382931167	16.7490592470151	17.7057581101644	16.7762011680835
1::P19221	23.3394314493596	24.3116030236738	23.3637182264921	22.1644920105192	23.1438987629752	24.604470155139	23.3039263814824
1::Q8BH43	14.4411852907699	15.4067026712892	14.8410784639164	14.677329783868	14.2626564428434	15.7961272298101	14.9249475991959
1::Q9QWK4	11.723064884156	11.8965691405059	11.1105568925644	11.859909856193	8.56123049019458	11.7526031289353	13.0035829814228
1::Q8K003	14.5264585191057	15.3980090576035	15.4585912938734	14.5934052228491	15.0870797029662	15.7536743950431	14.8983381735733
1::P39039	16.9427841790692	16.9400466704301	17.0029123674332	18.2111841080059	17.9283683404039	17.4796118995301	16.8510791132113
1::Q9DC11	16.7361355755341	16.9211079045588	17.1213082374989	17.303205394129	17.0125006141303	16.7950941317413	17.5467830604955
1::Q61268	17.0349447923437	17.6270460467409	16.4310899660635	17.0285061870975	17.6469604690776	15.815918515592	17.9312210445597
1::Q61838	20.2998987776111	19.8210899999692	19.9365914379631	20.4934581328361	19.9060423255993	19.7670272066529	20.0700586993881
1::P11983	14.0321401552583	14.5426642693593	14.539667889977	12.8075491923788	13.7640645077683	15.6235475187142	13.4469756388478
1::P26645	16.1113170376243	15.6568129984872	15.659476616857	16.8154022087951	16.3197753197274	15.4664170207663	15.6513199935999
1::P62908	15.4717777871885	14.8232943699645	15.1290766839188	16.567787369043	14.9617049204059	15.901125854402	14.6462974320197
1::P40124;1::Q9CYT6	18.87167678163	19.5023614084396	18.7939411026186	19.0904543905062	18.3773539067613	19.5447932900762	18.3623431570161
1::P57776	15.2106537695833	15.9677226022778	16.181734727771	16.8392528557267	14.3498976287522	16.2825963999542	15.8594859012054
1::Q9JHU4	18.8040575182271	17.7610312379589	17.6274305974442	19.2340422906511	19.3509811822281	17.1151256399295	17.0408162636347
1::P01592	15.3423609355078	15.8133121526804	15.8522013635695	15.9577838724524	14.2309451233511	16.216509686016	16.4447088678315
1::P56716	18.8546208863012	18.4087741943315	18.6380765375351	17.1852661786722	18.4539921805181	18.4739648968023	18.7041350287636
1::P31230	14.6803428276947	15.2574311188431	15.1809305679855	15.1749377303892	14.3290188936436	16.2185497273206	14.7236511655535
1::Q8CF98	18.6397875636252	18.6362388719883	18.6104421062751	19.403126284573	18.4134974722328	19.6844244155126	18.6587471510798
1::Q8VCC9	17.5775102126416	17.5541809699339	18.1122183358467	18.380242211191	17.7434075327308	18.1882868686264	17.1857399561723
1::Q922B2	14.7101825430326	14.9277239687841	13.3180371211535	15.3805040108052	14.7992757271656	15.8753363102865	13.5942854518603
1::Q6WVG3	18.7074589260018	19.0130252761367	19.0517761403217	19.3816947123092	19.3687652115373	19.3750241888195	18.4216768377514
1::P14131	15.2570989045758	14.3575538588429	14.926156802932	16.6657377159812	14.7869344957707	16.0392157483607	13.539636044379
1::P80313	18.6295124080317	18.7240511817341	18.9007967043829	18.9427003306178	17.8723409202353	19.5069310092655	18.0082025420108
1::Q9D0R2	15.3040441604282	15.7102549391468	15.6304287831468	15.7732421068805	14.9618616307402	16.6206404953251	15.2283492145
1::P16858;1::Q64467	16.5847757294519	15.5081941505897	16.4168523446228	16.9301974789082	15.4597394392938	17.7555489060167	15.8994389535717
1::O88947	17.7197604939269	18.0460072386654	17.7585525132048	18.364546449818	17.9605731041798	17.6740342950404	17.7570963681768
1::Q91WP0	16.256926584834	14.5454924980738	13.5927264370476	18.0255735580861	17.1989843819514	16.6144657087975	16.0310736254991
1::P21180	23.8792865743206	23.2358872060136	22.706761399047	24.1771270292359	24.4799955889686	22.7304136922834	23.7873536773723
1::Q61704	19.6008162974165	19.9576046923659	20.4621146402175	21.150182223516	19.1256334890172	20.5735110853032	20.17515943436
1::Q8CG14;1::Q8CFG8	20.1186508544117	21.3793475019681	21.2840651530867	21.1750041219386	20.7366201461575	21.1111527894492	21.5849411898495
1::P42932	14.8876920903216	15.125410587835	15.1572706170506	15.581340589297	15.0610813346667	16.2554852884748	14.1749176492191
1::P50580	17.4574875308953	17.2528762033351	17.5909191021518	17.2085409718136	16.7326849532129	18.5594857949725	16.9124184157339
1::P60710;1::P62737;1::Q8BFZ3	17.8725868148764	17.5527486988326	18.0109047170268	18.9858286350963	18.3423218445919	18.2365816825657	17.9223462258362
1::Q9R182	21.1484126485572	21.4160079208207	21.3027724769303	21.6402130532969	20.7702488493632	22.1133079098172	21.5089797578806
1::O08538	18.5928341153688	18.8936749686656	18.3964159004684	18.6584720863184	18.0158305378378	19.1609525958709	18.0634855586888
1::P01631	16.1489875564668	14.9184445327446	15.1656116502343	17.2359560831142	15.0151243339856	16.5857097813587	16.408529055482
1::P62264	18.2190946307529	14.2903452752086	14.5576817760656	18.1875438974767	17.8559090200246	16.2715802508682	15.0101500158746
1::Q8BND5	17.1300278222708	15.9414780358856	17.2041910265611	18.2690605930838	16.3814047190137	17.5255965563957	16.8410512681035
2::P00924	23.6402953275866	23.8092384380843	23.7068744483941	22.9435604878903	23.6234734871415	23.6577969680416	23.4483596989721
1::Q9ES30	17.8180196552894	18.4553931468436	18.3072586688799	18.6349294619224	18.3329345360665	18.3308488117629	17.8641983498733
1::P51859	15.0560857028911	15.7896360767572	14.991701283841	15.1283982250865	15.4858318389494	15.4997607457613	14.9724809813448
1::P06683	20.913406739344	19.8804226656085	20.826022392779	22.0839426669565	20.8473450841957	21.2448023807989	20.9304286439267
1::P33622	19.0345427852316	20.5308954191193	17.7042135009221	17.1178026586463	19.6624396312786	16.0793222927308	20.4137238021094
1::P47857	15.6735333169278	15.0045133496863	15.3497927543356	15.6822357980212	15.8148129773006	15.6860925489572	14.1703120038217
1::P58252	15.2689937947809	12.4468538522771	14.3234109774285	15.6444544319426	16.6062920935746	13.5168264803522	12.2283819828336
1::P62242	17.9708883795363	15.4045420702764	15.6469155524802	18.060843373931	18.0208151079369	16.354239319932	15.3154604202025
1::Q6ZWY3	14.3767610629093	13.3238927821298	11.9035601848902	15.3726398808614	14.1245797172331	14.4838001255249	12.7121437725797
1::Q8CG16;1::Q8CFG9;1::Q3UZ09	19.5328493405456	21.3430363483413	20.9538357257815	20.4970058379413	20.1324416762516	20.3980528321241	21.6208685440319
1::P63158	16.7981028999643	17.0821294125325	17.1483675725589	16.6614532683627	16.6492679089114	17.6490156537879	16.4776878841812
1::P14106;1::Q9R171	24.7711557533948	24.624299090391	25.0990503203967	25.4259145600054	23.3427679022254	25.7200102974368	25.095682244078
1::P98086	24.8607536200694	25.0953419555001	25.2162704350373	25.5309638343802	23.2491629803708	26.048046254032	25.378041752653
1::P62245	14.1418103941799	14.0155231058502	14.3798410011718	14.3524617508418	13.9958799656429	15.1246887301685	13.302373564293
1::P25444	16.0506414055099	15.2384192397257	15.67388312586	16.9082556656772	15.1313996176073	17.201747377935	15.2697937067155
1::P63005	18.251235830829	18.255492178868	18.417156023401	18.4296322500161	18.0704113719023	19.0864750567104	17.8037382634936
1::P46412	13.482039987313	11.4373083108672	15.136549660824	13.7102378042586	14.8540049125424	13.0078069697046	12.3714023582471
1::P56959	14.6751073745924	15.6652368123361	15.8436987562041	15.6157778670729	15.1344304275319	15.5962115874594	15.2601007192497
1::P29699	19.4962028798372	19.5607380793912	19.7960118844939	20.3394094774154	19.2150236185843	20.389825707756	19.8280548645368
1::Q8BP67	17.0447786362952	14.7992565659135	14.6567748190713	18.161451420395	17.803664160709	14.9538789752935	14.9353351981922
1::O88783	23.7165521414114	23.6647803613716	23.7498309066039	24.258742304434	23.5450408194653	24.3111840124509	23.3113568316107
1::P52480	15.4825709439122	15.0061419153758	15.3644617679034	16.6432626847052	15.9829943440661	15.8645347421464	15.2764859256022
1::Q9R0Q6	16.3879318991935	16.4911321515111	16.1132691491455	16.34300793384	15.7488635384746	17.0612587741423	15.9370179914679
1::Q8BH35	18.2947008030179	18.1617294445567	18.5767468742748	19.3040144435802	18.8233985084877	18.7263207512277	18.167423267292
1::Q8BH61	21.249648915408	20.8028658035998	20.5544657556767	21.9029440142874	22.0542417052213	20.654452975891	20.1904159774432
1::P34928	18.6205898388702	18.9530085062303	16.7460598147851	16.6675740137396	17.5300308165434	15.3532239732898	19.7433348062149
1::Q02105	25.2537211701255	24.9906558984815	25.5368859953632	25.8919626780456	24.0765670841073	26.0960278211132	25.4964808526391
1::O70172	14.6641163789831	14.8444768655102	14.8317541893063	14.9264578162776	14.6714133154298	15.2005449186909	14.1895419349702
1::P01872	19.9189183093869	20.0768404296847	20.190711380049	21.1979156340033	17.9785572199143	20.8867224919725	21.120535201159
1::P51125	15.538862035219	15.4123481288612	15.2544494667058	15.8741049626105	15.3430062086952	15.7501522115267	15.2764500005806
1::P20918	18.2759948432242	18.1094648989043	18.2717228570371	18.9099943430886	18.4768869555449	18.6441727508758	17.7602559906778
1::Q78PY7	15.332832824739	15.8485807669969	15.8931185422706	14.939470287278	13.5180979419399	16.2817997908717	15.1962378657396
1::Q99020	16.3609234750538	16.7716926062933	16.6207424614518	16.534413363292	16.6198902391141	17.0219887545031	15.9860016641313
1::Q01339	21.1628118291594	19.6828757390864	20.2460120887542	22.2097982122095	21.7212514830529	20.3323579660602	19.899889106671
1::Q61129	17.1033614895156	17.1689634724116	17.5565025610897	18.434185244634	17.7356485546531	17.4997118253549	17.4831762770842
1::P40224	15.6123497227458	15.2829457419825	15.7606280501657	15.7001108161941	13.8667249625327	16.1139665727972	15.4429361191187
1::Q8BYK5	14.2841584732507	13.5657889923648	13.5006829553066	14.9511677239589	15.3598440604773	12.3765611761156	12.6355329329608
1::P26638	16.0369128462027	16.8197770521824	15.9708594839369	16.9840836217705	15.5308045169444	17.4527948647936	15.891012428082
1::Q9WUM4	12.9672720766473	13.8024883601273	14.1619251022665	13.3703547531558	13.1829803162155	13.3716561456882	14.0300416428872
1::Q9ER72	9.88353181512143	13.3591908524897	13.6963528202444	13.8462343777512	12.2121614830057	14.5930399664878	11.6202010281869
1::O08677	26.7631236097952	26.8224405316937	27.119557796875	27.3073460771331	27.346106181445	27.0118969086815	26.3790208952004
1::O88968	19.855375924611	19.9513010394039	18.9767951366549	20.2616804070717	20.7866131281577	18.6301461022421	19.3830759194017
1::Q61703	26.8911334121512	27.0630287172573	27.1526774553151	27.6662871769025	27.5859368825604	27.3287575297015	26.5130614966219
1::P80316	16.5815647848126	17.0721580651145	16.4237802647393	16.6405182941408	16.1866492242406	17.5665147507564	15.9563237122533
1::P61358	13.5882630751473	14.3560275927396	13.4539175741932	14.675319687909	14.1362714244859	14.389165271606	13.3580591899045
1::B2RPV6	19.5914162210827	19.7317311004519	19.8794643427101	19.1200822331961	18.3572226623678	20.4117036702564	19.4695599942533
1::P09405	16.8958143663158	16.8675843785853	16.6252403548006	16.8265946072639	16.1840796095338	17.336192071818	16.3720682796502
1::P80315	15.2889294494386	15.7256139487232	15.0724008895902	15.6387059762819	14.8398917445918	16.4899819454286	13.5712860939123
1::Q06890	20.6115383685435	21.0088364165844	20.8283113469908	21.6546458814905	20.857661283952	21.6649632935527	20.4200851947576
1::P11031	15.7657277207489	16.0153853735968	15.6821903326735	15.1864358337471	14.2667111009659	16.557525128213	15.0883494984098
1::Q91Y47	22.5976877604407	22.2338012741824	22.4025978194434	23.0847322824998	23.1484556756473	22.8234075669769	21.6079821626791
1::P63325	14.8420444749663	14.7443603844434	15.4498129560889	14.1268650347048	11.8672129998198	15.7725430655438	14.5303165121486
1::Q8BP47	16.1387512025926	17.2223790400414	16.4169132733173	16.4395944707463	15.8941886212439	16.9914047441406	16.5582182311496
1::P08071	22.6702442263135	22.4888444643544	22.9843861671592	23.0829223805437	23.2038559705075	22.8578290184135	22.1726727208489
1::P43025	23.3647944431453	23.5264203778031	23.4141296139296	24.1310647682051	22.7940090008869	24.4571851454482	23.2879236555023
1::P62900	15.4649098317354	14.3889872920403	14.8169354108244	14.8744181800134	14.6313411824921	16.0636165228272	12.6828452769835
1::P80318;1::P60334	16.9028972584906	16.9693808031678	16.5139798930318	16.6530133835367	15.8304291022124	17.6458659941471	16.1734527907116
1::Q9QXC1	13.9444141660994	13.6445933650946	13.8352129888883	15.2534172679104	14.0811766072464	14.3391687189754	14.0319517109965
1::P80314	16.2318852674989	16.771062052665	16.3368783801724	16.6919156398558	15.0618630656155	17.535902775914	15.8499358173514
1::P01027	21.2611780673044	20.7323055722995	21.5395975249392	22.4519110420899	21.553193029977	21.5871208490055	21.1174234284413
1::Q8CGC7	16.3374635449086	16.3926085645014	16.5069908735668	16.7091389858008	15.4831255865593	17.2237439134325	16.047990704317
1::Q8C8R3	15.8059589798779	14.9325342921729	15.1488293741037	15.8310196411588	14.8017953847484	15.667306241472	15.4079766469825
1::P51670	19.0911410221463	19.151166008188	19.3225210550487	19.6510340166125	19.5460092327353	19.4160938222397	18.7345949753494
1::O08638	-16.6096404744368	-16.6096404744368	-16.6096404744368	-16.6096404744368	-16.6096404744368	-16.6096404744368	-16.6096404744368
1::P62918	-16.6096404744368	-16.6096404744368	-16.6096404744368	-16.6096404744368	-16.6096404744368	-16.6096404744368	-16.6096404744368
1::Q6URW6	-16.6096404744368	-16.6096404744368	-16.6096404744368	-16.6096404744368	-16.6096404744368	-16.6096404744368	-16.6096404744368
