0	1	1	1	1	2	2	2
1::Q61805	7695573.80564055	8193580.36036178	7797446.99352181	7604943.68680707	1138555.82723901	1307491.91362216	1276399.6297448
1::P05367	404175.058142634	542399.066670561	381001.14974902	307815.027646781	2179.83644381742	1218.82460749427	6149.14203102566
1::P05366	483383.267260076	614524.367271705	445111.4044639	406496.752949815	46026.6382376163	18455.8117513162	102216.64543347
1::P10922	18183.6698185495	21025.2949953008	24669.4518411003	19455.7491825217	2601.24879479374	6231.49220202614	1270.85403205452
1::P05017	5665937.7971628	6114533.96113721	6698346.45626921	5439897.89300655	9872638.02379181	11163268.4126779	12140454.2276028
1::Q8CEF9	2917.21296398225	1068.16930876183	1986.5947505786	4808.02041053869	12792.059703322	18044.4228777899	22702.0271131156
1::P20033	30607.9442831867	44964.4434581372	39834.3819567241	29052.3245579874	55232.9073516671	94474.9841108503	94473.0807993596
1::Q61646	289508.73695043	203311.660948774	406328.812391454	272824.841995131	32981.1408925033	4489.42351922388	19165.6457283788
1::P47877	513319.271588669	493614.857103493	729509.06069553	594553.355475945	1371350.45890504	1322334.53752998	1886958.02618735
1::P48787	53669.8328137036	81931.9324599723	81316.6947330955	42282.535886851	15225.9820527072	18913.2477983743	8355.78138712306
1::P18419	9762674.79805631	1907700.37491928	12614259.3722543	15620229.470659	134079.851556018	207048.159892607	126776.118247254
1::P27656	687164.277583644	746274.337793914	924282.296325159	697900.753180345	1437982.16149556	1426039.66747423	1447558.00338916
1::P98064	149585.907969168	206904.634348551	253872.676651295	197086.530996908	301210.346418532	345576.016044596	524724.441040568
1::Q9DBB9	1562364.82757956	3049381.43764976	3148023.0472438	2670890.22660972	5290079.0959565	7061843.23539822	6407980.39859452
1::O08692	474547.798760355	333570.743791765	378676.44870921	409467.781834793	160356.132113939	62302.3800470065	98503.809742131
1::P21570	1054154.1257742	1156783.023882	1476841.58343806	1013586.82649112	331402.010665296	672364.53110294	927422.473578413
1::Q8K0C5	104653.297393175	88913.6053325383	154145.500031848	156331.292555807	15836.0542335543	32091.9421301611	33062.6498225015
1::Q61581	273274.524357942	360776.361867298	444240.309514721	268529.026772979	383112.031979625	660347.368446879	673994.127831158
1::Q9DD06	997347.756019281	1289036.63555763	1364027.4604631	1011982.51893823	1292702.91459452	2095762.89985978	1836218.41509187
1::P32921	89994.1128626671	93361.1822202229	86661.1073390104	94638.4263350809	33931.6919446127	70098.0176062847	46707.6525160544
1::P50752	115754.85128092	201155.870685635	124381.01435982	75858.3933664222	44168.4964056966	35062.8733514508	37348.1292350151
1::Q6ZWY9	489972.813459868	455881.177532756	590972.88622623	404302.702516461	211110.660691308	300129.189260598	106158.374852297
1::Q91X72	63906.9073749985	55715.8426638134	94465.5769812359	75606.7977391715	28621.9506337242	31063.9695161835	41170.5815627184
1::Q62151	1921.52319690506	3277.75665237588	2628.45284747823	2310.31923888043	16632.3987629737	67852.9457767939	62318.2225513755
1::Q91YW3	1917.45595956669	535.101651558335	1.2326188543515e-05	3327.20838822448	4030.09753086939	8287.55521290186	8340.47283956219
1::P05208	17227.5807447953	25765.8883436974	33131.0518079511	38890.5521586097	637.723786057277	4796.94773163574	5431.91432865414
1::Q9JKR6	256004.969039369	298800.598337734	315695.407713418	249944.656002015	142552.700622017	251543.546026962	282575.485251313
1::Q8QZT1	56224.756899932	59273.809711473	70954.6214457757	76597.1604930911	31911.6130554958	40533.1591068758	25537.3874226201
1::P48678	19545.2381313858	25440.6181747705	34849.1736398642	22856.769246476	38809.859731957	37978.9002561373	44211.4230187086
1::P70274	302439.776797155	371486.475510627	454606.523390644	276086.000890766	494697.966322722	477507.180569997	965117.299134786
1::P11247	174359.431747859	171981.818377334	228671.385298618	188976.024512551	131140.516788477	110225.525199184	116142.87209211
1::Q64487	321234.198519222	464077.976513146	577153.156343608	368004.472556799	455918.197532991	815872.630630502	878297.008537435
1::O89053	6057.3267471846	6794.52553214171	8665.96687002407	8905.48264063685	28944.4660093184	15347.2078203899	25825.7259929477
1::Q99PL5	23015.7905999586	17791.0386760042	35657.3572758171	28869.0536203769	8411.4647149456	16256.4764714487	3192.40682975792
1::O88803	57682.5551293366	89483.3941361185	152123.839323476	93625.828124103	115592.195210335	258676.463157155	269013.505778441
1::Q9JM99	5150100.0511475	6151624.97988543	5719578.71377889	5286379.01093476	770760.652561108	3931807.152933	2973676.22195283
1::Q62009	362923.496081031	271254.182612136	206994.461377435	326023.559386414	575108.672044106	571252.69083419	570513.921151232
1::Q9JJH1	6146340.93866404	7222803.38320484	9109479.38713196	7329756.23029512	3403621.88568652	5705752.45681806	7501257.45772811
1::P26262	33262014.4583996	37026682.7513792	46569205.2213973	37417073.1099298	59209358.3751943	56884665.6718058	57481824.8345697
1::P97430	2395571.98604564	3446118.11494917	3541650.19369461	2384207.09473329	3100878.39973598	6433583.87633238	4763405.90736806
1::P31532	434031.704076889	185302.781548351	190773.763642533	272188.392822518	75955.927937854	61235.7051847488	118080.498517976
1::Q8BH64	41152.4341973789	96024.5556066326	69637.2707196668	33002.2480449531	6330.23440986596	39065.8655213745	15057.7901420806
1::P0C0S6;1::P22752;1::Q64522	99559.8121255841	83468.4916630702	105057.738250317	133523.517407494	41845.5367553321	73779.4378228469	18607.0076046034
1::Q8BWT1	80367.4960718983	67757.7930213541	69646.6934498465	71891.6527974703	45962.8287023619	53619.7689608688	23738.8091692809
1::Q9CZU6	754264.240052801	854937.029488664	954836.480467272	812163.431697912	587927.575186289	604980.438807181	370956.545848663
1::P09535	126129.870304599	236772.174365607	175007.197576687	141453.308579654	264802.999752236	234767.748149466	273966.855961988
1::O70410	641500.629345447	421953.012932197	171713.037123978	463498.246734321	84624.5508397436	53722.7582177595	223213.971706977
1::Q8BK62	72495.8343560383	115894.343723528	139559.898694644	96685.1456210133	112813.455646994	232431.115646445	194065.291714622
1::P32261	844015522.471007	786165950.03838	719013242.617119	651331486.647105	852660220.068173	1428163657.16682	1095406842.07479
1::A2A8L5	228910.425680407	201513.10555735	152769.211068214	311102.062986547	569427.582108802	359417.472429835	541307.198320746
1::Q8BGD9	24833.1251307801	24257.786262905	23176.3339682007	22493.7937787947	22922.7435479273	56995.2606772738	53057.4827425865
1::Q8K1M6	23566.2402582126	38189.5458917839	25434.1194708049	15320.6246611829	24711.6948297354	60698.4898016493	68979.6680601904
1::P47880	839997.901632648	852962.323362874	746020.987931269	840795.907197613	1094939.13093796	1084300.40859362	1308739.09100838
1::P47878	7699693.6566737	10895939.9042957	10216419.5430039	9475062.48579766	13547657.9973227	12270387.9964663	14277249.850472
1::A6X935	67674491.9914135	57000699.0340524	39186796.3052618	102186709.786112	37150733.3315049	11734489.9131098	21713710.3213111
1::Q71KU9	8235.61865929203	4748.92879267723	11363.8950897506	4155.4166466361	3978.85478339785	314.220294810938	332.440733106898
1::P29788;1::Q8BP99	5097812.62538798	5875771.06580456	8637746.48290934	5452962.61414773	3079678.0466854	5577992.55421048	5577320.48578216
1::Q8VI78	251597.290690676	217007.209040998	306101.844695776	203350.268285824	123875.819933428	238402.571176856	169364.107939033
1::P11276	132027918.972522	126883170.909235	118311871.911872	174121257.64654	70249723.2795574	112163303.451598	100116421.478654
1::P07759;1::Q03734	829183.777870554	783530.700537417	1068198.89683777	1250100.4681421	616313.370775196	657320.926537339	536014.360457453
1::P50228	4842.59194337427	11763.6688015186	12561.0044074591	7.17110880068456e-06	8953.95644214822	25640.9673700273	22250.9547961869
1::Q61543	8327.71461208502	25877.2767748176	31397.2671498866	10077.8759526488	21705.8800424245	74801.1383197734	53962.0339580108
1::Q80YC5	70622808.9115819	57030605.607852	88265096.8989045	73274842.5092045	83743515.7446693	112725259.153057	120364928.966912
1::P10126	1081940.82101638	1643453.02064869	1523035.28034825	1072512.5424659	862966.958279048	1278910.93591742	1427253.40703221
1::P01867	33405.4671854046	59752.2789382759	41779.9214249128	23126.9218746701	115614.041386273	56109.7804968691	93120.6336395355
1::Q07079	2946307.52669427	3556371.93145001	3662773.35229462	3487580.10377506	3895879.32251734	4224756.15735233	4890759.75528353
1::Q91XQ5	86617.686642056	180481.841142007	188681.618706521	148162.059136459	142417.341392542	307476.863454809	328356.612073765
1::P09803	275919.914006171	275608.54656495	425589.531688913	243895.304962716	233181.347066682	187606.950586459	239456.584882999
1::P13020	10868536.1583672	3442964.83321746	8078331.4041186	8531170.07303712	24711563.5347647	11620075.7273787	24228032.747398
1::Q9JJN5	23522579.8024507	27698724.2719027	25716228.5042575	19420033.02336	35559927.5257885	40967723.0078083	29235440.0737053
1::Q6YGZ1	17648.2485364227	24167.182848796	22045.373467955	12217.7052594626	38758.5003056804	94902.2695595727	29718.6197713569
1::Q3UQ28	133464.024103925	246052.892958995	136619.977862725	161353.145756239	64518.4047956533	142505.664691649	145820.602008705
1::Q61508	24463560.7965118	28570243.5779497	36433268.5465563	28573388.4101137	35441101.0379983	37115150.6591219	41978358.8082115
1::P07724;2::P02769	7898984.9545113	3712173.43232917	5438376.49089978	4381172.39165534	2092977.75152208	3148629.38192899	4892610.59323412
1::P17897	794649.403107011	826394.167974643	1078051.12541504	944559.056245308	835805.550324017	3359575.08573794	2004838.29113689
1::Q8K182	1386785.29661342	2037156.02218871	2035799.86970543	2538581.11575312	12437119.1812299	3550789.75530204	3593462.15846769
1::O09164	745924.097847898	1214217.20769514	1502928.83364416	1006536.22889095	1057950.53933484	1726562.05938323	2148517.6598863
1::P31240	142235.936359339	207808.256120245	196918.956837192	138578.324362754	177720.335302098	481025.358843142	277067.109753343
1::P97290	23023.8971934983	35559.6844209655	45339.537182626	57050.4396067658	147511.114606231	51557.5921046447	120381.608508969
1::Q64739	10097.0616709475	17550.4745549852	19794.6206229197	18766.8603015338	17011.6765581671	43478.1214921964	31153.1903309991
1::P06684	212540.713179598	163490.441587359	257240.847730923	324886.681987521	1366962.31804913	504756.280092481	402361.482383477
1::P31725	33274.9175801103	156426.047234834	64329.3293827667	214114.780265433	17922.6265359192	8058.51594257886	12216.9569019046
1::Q8CG19	42460.3370177703	76104.3053821439	68375.0450383741	35780.9209791208	37922.6364387624	144614.962696161	162230.513660656
1::Q4ZJN1	33993.4734605965	48113.8717557925	37959.9240802498	53716.6688314625	30340.2653184935	115101.161851925	151204.005541616
1::P26928	195509.271508356	384789.734561913	455737.212307978	275897.855879584	526581.296607864	365586.777396068	599013.73363262
1::Q61247	331368.514972094	363490.815288622	426704.323274358	449081.867605357	350067.690113815	670913.37938941	708937.798856172
1::P27784	149224.8403757	292326.1186736	330615.707348405	23286.7752051077	26798.3218127876	64312.6149057443	100659.096078916
1::P60867	54933.2985196064	29633.9303314643	31732.7445860476	49807.6162544288	10669.5909282044	37964.3536752211	22282.8607700044
1::Q07456	109991901.027085	161504969.076526	167259610.102107	142264359.407367	140738959.201537	206227988.169582	199168711.220398
1::E9Q414;1::Q9EST8	4455741.14203332	6285657.70882451	3660510.39843349	3282952.64609593	1708744.35527393	999037.661597158	5945953.64811031
1::P26043	251762.060206419	377165.459866383	349087.372465655	230722.979899758	239586.635442287	622626.950940678	538603.845291189
1::O70251	33371.6098652787	113927.568430774	99209.7391621523	59065.0491773769	6047.90178266587	44237.3784823911	79439.530932638
1::Q921I1	1289428.00639659	536507.120794977	874582.096575055	766566.20602245	535221.724855173	395844.098463143	713435.29226733
1::P47879	1015642.44801455	1363796.76777664	1381542.93740487	1029824.97482432	898289.754195251	984297.973449836	1505188.55696556
1::Q8VCM7	481432880.159081	274073437.421088	217486779.064823	394455279.83329	278363850.048658	132160641.047731	166061740.305026
1::Q6ZWN5	40700.3768922857	25391.4045506885	21557.2740527338	83652.9727084558	14618.3241303928	8766.28869493485	8882.54143773293
1::Q8VDD5;1::Q61879	800260.314893931	1087910.76421147	829905.951063375	646742.827579882	191949.043113693	755561.709218539	928806.842678193
1::Q9JHK5	809145.819337919	1066907.72051912	809184.510506211	546327.870450315	273759.217044872	602336.194897369	1013910.62109383
1::O08842	31642.544895167	55276.4910879322	61276.6792086309	39041.2370113124	42511.5404964957	137111.953939247	77217.8822493969
1::Q03401;1::Q03402	102840.682983901	128043.017743134	175745.844425157	123342.605177991	125827.496528341	283306.966586121	187027.904364251
1::P14869	8079.2855530634	7627.01747213951	8493.18301832035	29591.779923245	2586.6765359716	2485.32572029766	70.7586567859394
1::Q8R429	25726.9457273427	83541.0416762113	78851.9734916924	69561.6769226123	1139.94487972014	32537.1059571208	77341.203584206
1::Q99JY9;1::Q641P0	1169183.19938867	1162888.94341023	1098345.27260651	1290355.48165786	840136.200928377	1206056.89017983	968541.69306853
1::P42669	300012.200518755	258930.505128395	413043.586432521	302677.5885785	245998.942643471	296150.692143228	143591.957542453
1::Q09098	408192.653979185	22401.545730995	37340.4442341187	457252.936685136	13908.9796927997	12833.4934781707	28815.4111582427
1::P20029;1::P16627;1::P17879	67896.4067109373	70515.598873337	73846.5672357614	76850.4032523222	34983.9015135746	51689.5588278598	96274.6098599519
1::Q3THE2	156682.588277345	255459.080772293	222852.404930286	116833.842790264	37738.2538044877	210322.126596619	146211.69224665
1::Q8VCG4	1913136.42193239	2400374.47675484	2390722.80631674	2264898.41961302	10532816.9705545	3021417.32083159	2941771.53623311
1::Q9R098	2524.49996583334	10563.4954591522	11891.9805139253	20142.6342405774	65983.7070049052	22903.8003732311	17181.7878281063
1::Q00724	14752.1410601842	58130.157330776	95614.3150131918	94089.3910425498	64559.0713357652	266308.003770101	123412.619076905
1::Q60817	107139.598247808	227208.282476328	191860.408869486	112875.237198847	162976.209291792	581084.606603227	209445.428754277
1::O70362	32157.8197753881	37450.5243855452	45372.9112255931	76752.9999459708	170197.417651027	63730.1168665169	83728.49666295
1::E9PV24	1143742544.6753	852277269.648557	846416198.609401	1024333815.86638	1046045070.04362	412195136.289379	545788931.096869
1::P12399	21074.3554100402	46213.8067603443	49950.1891891237	30800.3214465528	19126.1741050413	84858.3276442961	101897.196686268
1::Q62446	46263.5051505666	103706.249567865	67253.8239773966	44809.0636501873	37510.3375733011	45289.0108638998	68961.2955671608
1::P26041	438504.658757644	599334.345217245	321899.683904361	381153.888723871	553535.855644373	418461.010098318	1071125.81698312
1::Q07235	41130.9149947365	105954.710964263	151271.888670771	56390.9725015587	45467.1259200809	418467.16528104	218385.616862496
1::P97298	27222.3456776794	62007.0466258697	81823.4869734834	37823.2100544318	1762077.25631128	95373.6857368888	104854.522150082
1::O70165	28083.4873177156	17896.2952377603	24437.7985936342	26867.2419117181	3633.76720889035	84220.17641117	99636.3099463425
1::P97333	711177.756657484	976260.879871461	1070366.93917038	809593.350764621	851623.306127738	936892.768171122	2059155.94165924
1::B5X0G2	81009.5331956255	178169.714586068	188418.972404298	105302.679903081	97296.6474044195	67858.1189052387	150127.227769281
1::Q8K0E8;1::Q9JJ59	644681761.12318	456436009.731167	444715979.349329	643860433.527969	599290390.854493	224621614.137621	315971851.517562
1::P02088	129332.83177446	193076.026951925	266828.928799472	256182.312183355	193991.022560308	479343.354690684	299910.215736528
1::P01029	8307496.24343675	8316749.99312582	13970009.5900304	11480825.496919	11544890.4738616	15288207.3439144	14011598.6254698
1::P70389	6765.02493134396	22139.9877851156	22419.8079955744	17896.9751443048	35954.2360936692	12743.3611336681	35496.1062692936
1::P61161	387046.656895832	468464.490238211	389083.524146678	406120.348619976	328530.415113843	456114.439936321	314051.580562647
1::Q99MQ4	69483.285868003	73973.8088491894	110147.650722472	19231.3927252061	5079.1443649921	66179.5052908393	55049.8116848252
1::Q9Z126	34303686.9828714	39387117.1168966	28885179.4967628	32042005.6977469	20921063.042428	124401181.27871	69292802.9841546
1::Q61702	141349929.523786	231231164.363441	242911459.53488	198445767.771027	147883503.023699	212630003.289267	183114394.414659
1::P06728	71266.4596501632	242333.903493443	57418.3918781596	178889.666149317	27337.1856723204	97698.8498697648	119758.402817415
1::Q9CVB6	289975.41840828	264974.675074206	198227.79714364	277105.20304755	185124.347884325	283257.042740733	146468.891810416
1::Q8K1B8	367312.095485963	627429.140505888	591820.812378375	307469.104043189	219993.568172843	430089.724285985	570288.693325736
1::P15864;1::P43274	169678.11575441	168767.336218492	181528.470919094	146828.58872995	64445.0156706335	196166.234245874	185180.675702099
1::P11152	39845.9807308792	69495.9744655667	50471.7417198115	40913.7128318569	24876.1561724006	90571.5148129761	136881.795320033
1::Q9WTI7	123206.388934948	194734.92065606	261098.722134079	97179.0742411212	30977.0058433425	177680.024720569	166305.015008459
1::O55226	2563.44806617774	5160.1138391011	6473.66092214957	6189.35484742535	3812.02627175408	11835.911132995	8326.58175562839
1::P39876	1423725.42391604	1847612.95354859	2730295.04668615	1224098.67016217	974400.637344483	5370335.69884933	4477860.13530371
1::P59999	279647.07647792	292509.888542504	206635.442030513	317323.540787877	208625.125149995	288656.856438928	168876.395113153
1::P62631	161803.880592383	237667.053288596	223157.338687546	125970.732508047	101908.170010277	194901.881792841	215061.456460999
1::P01942	86.6833660344	114320.477331651	84501.0944212047	59.7387274194876	7.47821215101067e-06	179833.374561458	197758.871249939
1::Q9DCD0	80283.9751879139	61325.2570429163	53498.9450816825	70167.0585571449	270962.438912091	54772.2728356808	96951.6488197278
1::P06909	2382830.37784604	2491281.26573267	2901591.06333649	3016379.67263096	2199506.45403778	2422570.48944978	2876180.83357749
1::Q8QZR4	801684.002827041	925143.313025929	992854.504826098	895973.045087234	868540.911757534	594040.679962557	981520.797645754
1::Q61398	979802.417662718	1128200.08509312	1336566.83495781	1196640.18979223	1151427.34394104	1476005.1475533	1445754.47296619
1::P26039;1::Q71LX4	275886.124108503	349955.715833318	418937.060737625	177327.419444295	68284.118387383	274047.402803133	414614.342071603
1::Q9JM76	111145.102367477	110726.700400278	88063.7407695903	131923.806678765	83074.8389913545	119577.061904182	76666.095725342
1::P62751	136924.854495837	206278.214204061	216121.470516467	116488.240810901	109891.68420851	339397.458947709	266736.240517425
1::Q99PP7	1219304.02891425	1089842.2631933	1042336.35785603	1255485.48536735	1359041.30300895	526815.390926807	909469.971553425
1::P04186	1937554.4990369	999497.876442906	1033698.24837303	2351234.71797073	43520922.7258575	1389680.16703113	1672378.16474994
1::Q8BGZ7	27168.9250838963	1254.81702678458	18053.3126510253	2723.82154819802	2027.78085685374	19747.676321562	109556.296388805
1::P35441;1::Q03350;1::Q05895	38894275.6096738	48191005.7569785	55176690.7450288	38001055.6179681	28159865.6830408	130047187.626434	71723988.9973104
1::P55065	104221.328610344	107508.261138823	84951.415572335	155197.959835995	312113.088715296	79764.6278563881	185182.815094877
1::Q9WVE8	21214.0662547361	59788.6752682965	41198.818254674	24676.6365865991	5938.32893479935	152672.70452151	70946.9372946658
1::Q61035	44965.2339424187	54267.6935841108	50126.2752267382	34104.2324562631	31376.0880456895	97796.719990136	61494.3294242758
1::Q61147	147854.900743221	175864.209617652	235860.4437107	186677.045984959	169335.439957016	173487.568855737	163103.206399781
1::B0V2N1	99572.5467460989	63164.0168001223	72469.9463648481	71440.607967337	82889.7423972094	63359.7821316027	201926.317047628
1::P21981	70075.7596640577	72793.1178042496	95682.1075463861	101532.853463997	6779.52707326167	125352.721756635	67192.3745024126
1::P08226	29517333.6227723	43528140.7324059	25771477.7107709	27163841.252127	17703230.7702675	18146052.188543	51578767.5891073
1::P39061	9457.82804665368	4346.30951000401	845.299466881879	9906.75903332911	34232.413559057	3901.68635648837	6205.52368312891
1::P26040	70370.3513332233	144705.246959472	86852.6527836867	74825.3732000906	84495.4306826661	107037.196089317	155297.43261959
1::Q9WV32	767603.802664557	760077.269932351	698403.90097926	812644.098929937	665915.775926168	682118.938520967	810416.079114707
1::Q91WP6;1::Q5I2A0;1::Q80X76	496202.249736176	271273.910632851	504435.795098415	812435.861404139	972160.032619685	59032.412162549	45093.549932675
1::P97855	37701.1277542473	66258.0237946478	69373.2780648474	38562.0037715721	20878.2320385041	120825.935192252	101496.956509085
1::P41317	650277.468330755	306582.9480747	325118.701199947	1407034.53771402	544150.029945302	1221722.35619142	1265910.65634969
1::P29621	2051.24519290182	2291.4164904801	2895.55968425027	3311.87415385295	14577.5490290752	1141.23116293945	2032.1465732202
1::Q00896;1::Q00897	248414.650012621	165789.315730581	214254.306501823	212569.897539838	106222.278211102	233950.992267406	247361.443191266
1::P08607	165810311.427418	346018617.398371	332602542.383238	232924270.284557	106027237.464349	302715958.507808	319226331.056126
1::Q64514	16951.9615831236	127513.987456255	38880.137719787	49161.2452719312	32503.8872484659	211484.724298003	73489.1119165201
1::Q9Z0N1	6798.92405211165	1772.95750967728	657.093145389287	4020.89642047366	2579.51627421879	5556.76890131786	9939.86762747044
1::P29351	19168.4911806499	22564.5744982939	9243.71447702514	23833.0193801847	29052.9162160116	15111.0331403267	33742.1162453218
1::P27773	1048606.20443976	1460230.19208833	1443363.56167484	1018989.34624162	878301.985018923	1939038.11011726	1804961.03948745
1::Q9Z1R3	53707.5236894345	72014.048960497	30196.9744275833	6800.85139758453	66186.3678853194	6778.29050562034	137934.879883831
1::Q8R0Z6;1::Q9R045	225937.399519222	381330.946125477	406791.447651463	198491.434826091	90596.3935886964	778092.733430775	866543.372859831
1::P51437	468271.127200181	576103.452315956	398356.002402212	335242.738653351	217346.307619038	140142.424492944	903401.636053975
1::P22599	1385737.89852839	1227444.0182048	1111388.2042382	1194447.46622913	709850.816054161	3244549.61333888	2048805.45516416
1::Q8K0D2	1101584.53821965	904937.924190855	1093552.10008244	891736.928413604	776284.936502308	1113487.20150932	1026575.31929519
1::P80317;1::Q61390	32137.5362115491	41737.6960655227	49300.124593231	40254.1280128988	15189.9013168071	139934.829772688	54371.9105535943
1::P62827;1::Q61820	1359682.63160488	1184200.23703121	1110005.3514559	1154026.8208963	547375.578176935	1803887.05464002	1104477.70953695
1::Q99MN1	32409.5429508229	48216.8072066274	39277.6687883231	24689.9295203897	19234.5714557311	65535.191731126	58348.7784617045
1::Q3SXB8	989709.297064494	1565648.3596213	1504396.41060667	1231542.40013769	758887.302191075	2540980.9293443	2429303.16100668
1::P01837	111582.582171538	159538.262288402	190103.024971558	221628.270859074	94084.4631118117	250264.053329598	426890.696559368
1::Q6P5F6	10735.63315029	33139.413813669	26304.8649355603	23707.8257898447	19153.8762296128	25713.4485669367	46647.7084350845
1::Q3UHX2	36534.076456276	66174.7991168215	69245.1330612112	34227.4157553308	23235.1691402102	134062.206203505	71076.6018227382
1::Q9ESB3	316145398.297381	566900901.078903	605384100.838825	394699477.314436	698527649.717217	453612732.851149	559952423.839935
1::Q05117	176182.520083035	160000.147341642	200908.994359577	190347.032374921	161064.630122611	185830.376944293	179408.398418157
1::P28665;1::P28666	1876639.22592694	3430467.42271687	2677745.41105182	1678927.91025994	1435933.78645756	3773607.19126428	4569539.96595978
1::Q60605;1::Q8CI43	343495.370566785	687797.941605542	674891.320630278	319287.228243184	93907.4031279189	576855.442836213	705791.650435834
1::P59325	83702.7525388362	122600.509401011	108478.337355404	54023.3413710349	47935.4717662497	190521.375149137	135297.077211057
1::P19253	21248.8052320241	1410.6486072251	1.2326188543515e-05	32936.4416766172	17549.8777060174	978.870461068067	1.74302817208842e-05
1::O35451	120993.401525803	233104.018106807	171025.62802257	177081.143632397	194602.58835699	226425.827722625	188088.923436313
1::Q9JKF1	58080.9945736344	94121.2418070634	93308.8675908227	58420.1100860291	6790.91426730323	118889.328967234	70923.3218949066
1::Q9CQJ6	30717.3227055105	71676.6285303483	55109.953481488	28408.1914203866	27570.8286286337	97035.6346144914	59301.8409922939
1::Q60847	131989.894336392	124187.232577996	132115.853227375	165410.749723738	200991.805007733	132733.074486225	175062.200898153
1::Q00623	16479.2694708432	14686.2962669459	9729.18868279748	29294.413446301	7602.86264798946	15284.2643435457	23437.2988139413
1::P24369	141089.41627132	159517.738126229	234718.398429338	156316.051439717	82369.610830945	220694.450540096	195633.926432036
1::P19221	9720256.29107806	25308749.8493728	13304813.8581293	3371034.87495134	6931153.64117682	26333626.3939722	18050334.9019645
1::Q8BH43	20372.2366980316	52799.3503337533	36177.5033267612	18788.9639392702	14698.9119619063	58740.1751474811	54220.2252699465
1::Q9QWK4	3096.01416656245	4634.18212019571	2725.4592918646	2665.47690716937	282.478214155979	3562.15812992339	14314.3929511378
1::Q8K003	21612.6745116076	52482.1405926755	55504.536027115	17727.1542092809	26029.2298926073	57036.8668033153	53229.3401261305
1::P39039	115370.564059648	152830.88086037	161888.292619085	217620.08959974	186541.053597474	188675.113519861	206055.721952672
1::Q9DC11	99974.1194664245	150837.727103809	175734.14428373	115976.542254896	98871.4191156373	117396.254020594	333743.207248132
1::Q61268	122981.029689783	246047.261382493	108913.0067493	95868.8362192163	153483.684087841	59551.5415101306	435652.087975146
1::Q61838	1182189.80294141	1125878.63322895	1236917.80366197	1058600.08511229	734706.050768947	921075.52001775	1918642.63019796
1::P11983	15342.7729464878	29008.6222325033	29356.5468013027	5140.94301044345	10403.8494886562	52117.4990861103	19464.6870145915
1::P26645	64833.3505045934	62794.1649581231	63797.1068965114	82704.0477764745	61170.168290085	46739.3398767574	89705.9389603577
1::P62908	41617.6897370984	35237.5074256979	44170.7420259768	69660.6097475886	23862.7092056934	63174.6686373506	44697.0909936575
1::P40124;1::Q9CYT6	439288.210290555	902702.636103531	560233.165335875	400300.114291726	254643.472764927	789580.04699864	587381.802282589
1::P57776	34727.3629682213	77895.5066143552	91625.4965878322	84082.6761610339	15615.1946602215	82295.6821235288	103629.971477703
1::Q9JHU4	419173.791741672	269992.746669461	249582.518501753	442191.081463512	500061.665454437	146552.530865271	235018.068398769
1::P01592	38046.9295185199	69989.0710474644	72915.0057249392	45641.291142258	14379.3458810114	78610.9357772491	155473.023970375
1::P56716	434125.415157466	423001.742484956	502862.101239161	106872.73286201	268536.279552654	375876.088186558	744406.391181745
1::P31230	24045.4165939666	47609.4718856373	45787.2193337677	26527.5872053854	15390.8383571472	78722.1741125089	47159.0505700879
1::Q8CF98	374062.297900388	495240.150963985	493321.579166703	497175.057936211	261103.59161637	869819.865408601	721351.568630243
1::Q8VCC9	179129.284455037	233928.944759384	349260.775190633	244675.534006249	164095.123174541	308352.193968808	259852.937728981
1::Q922B2	24547.9344619438	37882.7608269731	12588.0211324016	30589.9922804245	21321.7913712683	62055.3952750239	21557.1874024139
1::Q6WVG3	392026.158920931	643042.765971972	669861.311486907	489843.993322773	506264.050191905	701924.777804104	612042.675742853
1::P14131	35863.5424458406	25515.4549492792	38375.1180222902	74554.3973644618	21140.1764906146	69520.3856848201	20755.8721201238
1::P80313	371407.618019914	526320.137118701	603303.099393566	361332.73646689	179435.550454886	769127.753308847	459529.651372683
1::Q9D0R2	37049.7357873749	65163.877215871	62525.4340545333	40161.0736685062	23865.3013933278	104025.176630882	66910.504518795
1::P16858;1::Q64467	90016.8339379351	56647.4752567124	107843.455899709	89553.7106212131	33701.0225198842	228444.094618386	106539.939493572
1::O88947	197691.589208833	328956.461409665	273329.050402338	242028.021089483	190751.967107106	215894.507056676	386120.668361135
1::Q91WP0	71718.518109186	29065.5458971085	15228.151432492	191348.314791345	112514.365524181	103580.896588767	116718.159464112
1::P21180	14131566.3492786	12007371.9904094	8438108.239701	13602751.2557366	17498899.9302979	7183952.64454712	25235469.0243854
1::Q61704	728186.147577603	1237617.93543728	1780488.15134136	1668881.78561777	427747.172906648	1610909.2617205	2063633.47251735
1::Q8CG14;1::Q8CFG8	1042620.23036605	3315689.28866966	3147537.02316429	1697843.71261243	1306599.39954089	2338392.22478166	5483011.53243729
1::P42932	27761.9938313988	43446.1426837039	45042.4406132614	35159.0556546212	25564.3662252438	80763.6227562772	32238.869556476
1::P50580	164829.963978584	189837.580084323	243345.3811852	108610.878332294	81440.0179096032	398831.134629231	215005.539245725
1::P60710;1::P62737;1::Q8BFZ3	219782.69749334	233696.821269342	325575.244487792	372297.58871702	248534.59364786	318849.125701254	432980.375961694
1::Q9R182	2128704.29238537	3401024.12059364	3188616.67442895	2343902.55969149	1337413.49983874	4683775.92385059	5201786.09972141
1::O08538	362084.172383189	591986.542859034	425306.289558252	296719.496209266	198199.780998762	605129.886288557	477480.220728034
1::P01631	66548.5231605837	37639.8802867979	45303.6106078829	110694.513697511	24762.8481639633	101536.752540075	151622.564177955
1::P62264	279449.119580606	24354.0681347009	29725.3986995212	214083.192391699	177403.423477998	81669.6807666565	57518.7978610046
1::Q8BND5	131359.343427885	76491.293397221	186125.705363988	226527.818575867	63839.8669352767	194785.839311812	204628.441590929
2::P00924	11974207.1752433	17866681.036276	16877538.9487751	5784771.72658746	9664333.38153656	13662609.1442884	19950970.4353577
1::Q9ES30	211625.085978657	436893.777681573	399818.425168984	291916.771225856	246922.681994251	340378.769520263	415876.095937286
1::P51859	31199.1083141985	68849.8534542563	40158.7863093213	25685.4964268481	34316.0801032092	47832.1646905364	56036.4083518478
1::P06683	1808720.69638913	1173147.14844287	2291322.59146284	3187979.18390832	1410827.71276475	2565369.30603574	3483302.97321086
1::P33622	491787.06315223	1841468.52216624	263225.59733893	101990.183182963	620557.31382791	71480.1484375255	2434711.98833108
1::P47857	47864.3796328657	39953.7482775916	51472.6885046069	37705.9325220169	43105.3190141003	54426.6366708764	32136.1146119659
1::P58252	36160.4564441133	6786.1788555813	25269.994704922	36731.3052675986	74608.7593899494	12100.3335625104	8364.00303661834
1::P62242	235280.112391713	52720.3364420273	63244.0578725477	196083.890085634	198885.753660268	86485.582972766	71075.0854405193
1::Q6ZWY3	19482.5181013944	12463.5088646338	4722.34244700743	30423.6998894859	13357.339135808	23652.9554948436	11696.0978051933
1::Q8CG16;1::Q8CFG9;1::Q3UZ09	694676.040563454	3233278.243105	2503582.36732053	1061206.47265232	859541.02925893	1426437.93896304	5621269.02729643
1::P63158	104361.812029223	168648.42258537	179061.336826283	74333.3176736015	76864.6808019197	212182.826988136	159067.962735159
1::P14106;1::Q9R171	26222233.3014119	31434140.420867	44299193.0888745	32325798.4991619	7955566.34708864	57058679.1488553	62496762.9838157
1::P98086	27902384.7161131	43571209.9798024	48048804.4702737	34767402.3921839	7455782.19890973	71625946.9216007	76007457.4956521
1::P62245	16554.569430676	20129.9084743961	26277.9983312681	15000.5716716082	12217.3626965369	36881.8000045175	17608.3175989595
1::P25444	62163.1882591181	46986.1886600456	64437.3654670653	88202.0017185584	26841.2627165173	155621.309069972	68860.5266463802
1::P63005	285744.717875733	380364.232999525	431464.634796088	253196.925591181	205841.832028493	574683.369153089	398807.813802202
1::P46412	10478.6951746793	3370.71327710036	44400.1344532451	9611.2337242275	22146.1795178171	8502.90254183672	9235.65294638983
1::P56959	23958.3153686587	63161.8890117952	72486.5407180462	36008.4025697962	26897.7100416476	51139.2827051115	68399.4264269233
1::P29699	677252.530430598	939978.325879859	1122075.75420721	951390.167001313	455088.916078147	1418326.67214444	1622346.72508445
1::Q8BP67	123822.168903526	34655.253526452	31838.8715409599	210246.102673131	171093.979084952	32763.7232405203	54612.0270294214
1::O88783	12624156.1073624	16164328.5831718	17387626.4477559	14394460.835706	9152954.79337929	21489323.485377	18143541.0849606
1::P52480	41930.209479257	39998.8749611508	51998.721518547	73401.9513449408	48434.9102894107	61592.5167489811	69180.6914644168
1::Q9R0Q6	78535.8297537838	111962.962325704	87378.8145816447	59610.3839554624	41179.2188769108	141181.496308568	109351.52988387
1::Q8BH35	294484.520666353	356430.021197168	481933.191083646	464166.396080231	346900.841211077	447725.036140411	513149.315501574
1::Q8BH61	2283444.6497376	2223491.85623133	1898189.39976124	2812091.53676094	3256762.33327206	1703872.19330108	2085572.25522091
1::P34928	369117.679075461	616840.682382557	135486.217998778	74649.3524542686	141534.684871509	43212.3685798236	1529820.22302566
1::Q02105	36638386.7190647	40521543.2755517	60006388.1570409	44652288.7405068	13230207.8316866	74048159.3413505	82510634.5474371
1::O70172	23776.4853792917	35758.7020761803	35944.4386690758	22330.4689432712	19513.4144313175	38872.9139171196	32567.3299162011
1::P01872	907821.910415952	1344250.25637554	1475158.09109607	1725022.49607449	193144.694745212	2001506.97006435	3973919.14542909
1::P51125	43598.579446766	53006.3659896029	48180.9837737892	43069.3244439992	31081.5647174738	56897.7873201275	69178.9687948137
1::P20918	290690.886538009	343748.712715755	390090.576339183	353233.45305465	272831.795871122	422943.512753956	386967.231521804
1::Q78PY7	37796.4809590661	71721.1327406799	75012.5988979176	22532.7909497082	8773.05286659973	82250.253678879	65437.6697148782
1::Q99020	77079.2518690365	135997.677895473	124214.083007089	68067.6402340291	75315.3100347868	137390.380594078	113128.080471036
1::Q01339	2150056.74029528	1023021.91896109	1532800.86839278	3478578.20229223	2585508.80641382	1362940.05795723	1705171.00036519
1::Q61129	128953.639243946	179110.86865402	237608.895929148	253997.250806594	163214.969835462	191322.171100657	319348.503561067
1::P40224	45876.9288718245	48458.9534855903	68430.6397356262	38176.0158787073	11171.1513791068	73217.4186215155	77641.0499054102
1::Q8BYK5	18271.2782417066	14738.6715936269	14286.9438532798	22716.2305016	31446.4462064553	5489.63263866964	11091.2075050665
1::P26638	61574.4544313145	140606.809424654	79165.6109432492	92961.8869999707	35402.6521542216	185200.386255167	105919.472413022
1::Q9WUM4	7334.09658456553	17366.4860449732	22593.9965767031	7593.88725691596	6954.57009958137	10942.0001702294	29158.6747424883
1::Q9ER72	865.064136230209	12772.2115972007	16362.2052637098	10561.3196300392	3548.33569300168	25513.4907928868	5486.98119369085
1::O08677	104306591.094628	144247434.382505	179733558.33774	119101322.222449	127583939.1395	139707054.047624	152118120.996645
1::O88968	868705.350636962	1232222.13470902	635935.931665021	901487.847908	1352669.9477688	418851.356233195	1191767.8530743
1::Q61703	113984695.253302	170424629.252874	183907390.917926	152745568.989008	150658015.228493	174021491.392096	166928770.224504
1::P80316	89816.710107367	167486.809168269	108362.572960433	73262.4539884848	55778.2298214716	200389.510725091	110824.674511044
1::P61358	11279.3362217756	25488.4757329283	13831.2539567722	18762.803648312	13466.0278152085	22151.2115613142	18301.2564442909
1::B2RPV6	723456.974918358	1058258.75014058	1188896.01502915	408605.853137516	251114.87544497	1439999.00826006	1265394.57202766
1::P09405	111674.931157281	145344.229122253	124601.949826107	83348.1593505511	55678.9704571633	170820.878035249	147838.670997463
1::P80315	36663.6023428534	65861.3213101047	42469.1511783265	36585.2396272611	21930.5906781469	95018.0950199027	21216.2488434471
1::Q06890	1467236.33589692	2564713.60659631	2294960.84843905	2367468.81749589	1420952.19572819	3432661.12744899	2445471.26548034
1::P11031	51022.9677107946	80511.9471578733	64809.4736484685	26739.8535820163	14740.2809903112	99572.3697612921	60722.5764924139
1::Q91Y47	5812870.08164656	5995011.79151765	6834122.0559499	6379449.01115779	6953081.07237764	7662269.20877858	5571282.53509841
1::P63325	26897.3411865549	33361.3551163318	55167.8340827317	12829.1071330579	2793.73275352521	57787.7381558315	41244.4506260339
1::Q8BP47	66078.0126163159	185866.717107768	107848.010500333	63737.8432714331	45543.3857363121	134508.466706607	168199.526499521
1::P08071	6112688.84125391	7154276.02611405	10228653.6832692	6371450.82897757	7225276.03850884	7847282.65485742	8240318.14796525
1::P43025	9892652.13669353	14686123.1213721	13777935.3518656	13175303.683394	5438488.47194384	23777898.229896	17851222.5189654
1::P62900	41420.0393912566	26077.4861018614	35577.1216648333	21539.3380287553	18978.8701441655	70706.2065934035	11460.9670854067
1::P80318;1::P60334	112224.545810098	155970.178823156	115353.852167529	73899.731137319	43574.4371036604	211720.099463985	128824.608114966
1::Q9QXC1	14437.6232248192	15566.1360534607	18015.3586524644	28010.6021937574	12961.4716598223	21396.7111048885	29197.3051795515
1::P80314	70484.4182630862	135938.250858249	102027.967331047	75919.5463592307	25578.2221483675	196182.31826493	102946.246593035
1::P01027	2301765.67513895	2117360.45169793	3757454.72252746	4114196.16809762	2301205.4078267	3252355.58214467	3965356.970978
1::Q8CGC7	75835.9878071293	104572.099046155	114796.381160404	76831.329465423	34251.7692660032	158012.222349961	118094.855387843
1::Q8C8R3	52465.8280010147	38009.2826917499	44779.6657242392	41802.0986322853	21359.0622795887	53722.5050751207	75782.259475938
1::P51670	511463.760121327	707659.532005768	808141.177163824	590387.286193081	572443.800225904	722193.815053466	760290.301884056
1::O08638	9.15817141415488e-06	1.2154831438426e-05	1.2326188543515e-05	7.17110880068456e-06	7.47821215101067e-06	1.03235038871245e-05	1.74302817208842e-05
1::P62918	9.15817141415488e-06	1.2154831438426e-05	1.2326188543515e-05	7.17110880068456e-06	7.47821215101067e-06	1.03235038871245e-05	1.74302817208842e-05
1::Q6URW6	9.15817141415488e-06	1.2154831438426e-05	1.2326188543515e-05	7.17110880068456e-06	7.47821215101067e-06	1.03235038871245e-05	1.74302817208842e-05
