0	1	1	1	1	1	1	1	1	1	1	1	1	1	1	1	2	2	2	2	2	2	2	2	2	2	2	2	2	2	2
Accession	COVID_POS_1	COVID_POS_2	COVID_POS_3	COVID_POS_4	COVID_POS_5	COVID_POS_6	COVID_POS_7	COVID_POS_8	COVID_POS_9	COVID_POS_10	COVID_POS_11	COVID_POS_12	COVID_POS_13	COVID_POS_14	COVID_POS_15	COVID_NEG_1	COVID_NEG_2	COVID_NEG_3	COVID_NEG_4	COVID_NEG_5	COVID_NEG_6	COVID_NEG_7	COVID_NEG_8	COVID_NEG_9	COVID_NEG_10	COVID_NEG_11	COVID_NEG_12	COVID_NEG_13	COVID_NEG_14	COVID_NEG_15
P02790	826.6159456	520.4344299	381.8678224	395.2721358	565.0209818	1220.419523	785.0442791	386.152429	609.8669523	3093.83912	514.0227459	360.6455293	460.3846624	866.8748145	961.4285636	277.9669478	284.3516544	286.1051722	365.4853727	242.6768114	213.8472785	292.8800638	300.2653921	211.6382663	404.1645806	180.3111771	212.0770852	226.6775641	278.6816361	270.897485
P0DOX5;P01857	7994.062321	7409.380309	6659.423926	7897.048166	8191.477777	6506.671042	8473.965106	8574.425732	5019.76365	10900.44961	7780.708005	5524.593815	5760.732148	4335.332305	7591.546447	4785.859025	4630.75459	8365.021517	5151.62697	4626.74276	5152.066835	5921.434833	7089.17771	4426.709584	5080.414985	3330.641765	3988.526158	3840.807964	4735.88502	4414.445542
P04004	112.9871738	98.15255093	55.73953781	75.91050563	78.37120708	271.5749263	128.2371225	70.14385479	70.88538387	537.7134246	57.03882775	74.50027269	66.90263049	114.7965221	99.52924881	40.12013678	48.6276103	50.25406076	52.11988142	56.67026369	59.22666051	56.28037408	67.64188056	27.04492997	65.21214012	33.29734846	31.03382997	44.91030994	36.9626896	52.3974017
P01871;P0DOX6	292.0774577	265.4640526	83.55850004	201.2767991	522.8861211	45.9768674	199.5314592	204.9111576	22.81507155	151.5625129	150.5239435	41.58994528	54.76486341	36.65911995	188.3398241	35.24919244	13.1362473	10.76003696	21.95565008	21.97384976	16.33122129	189.5647639	50.89667733	21.38200577	186.7644049	8.270519675	18.94129418	89.63285482	9.266412362	20.56651
P00738;P00739	2674.233804	2233.261731	2175.771283	2136.075399	2671.645664	3411.32092	2680.697526	2035.609704	2658.248039	4110.450774	2586.678516	2350.187306	2137.044856	1916.956416	2862.86047	2085.100413	1927.682839	2631.800378	2440.308886	2289.79101	1786.959871	1956.703662	2046.670105	1874.284379	1751.423987	1512.812556	1616.879889	1620.42299	1779.337889	1840.737011
Q16695;P68431;P84243;Q6NXT2;Q71DI3	197.8738943	388.4953415	152.6771592	171.6625596	182.7989292	386.6005053	639.4709818	55.81200039	246.0748852	359.2498429	113.9659726	52.67964424	174.639877	47.21090271	110.1703434	105.6462923	20.55120447	33.85721498	103.4327072	87.15289886	21.26318525	170.3302431	109.6347208	105.8474375	46.91872634	17.97172462	18.10981616	70.14186743	46.64525134	68.14755524
Q5QNW6;Q93079;O60814;P23527;P57053;P58876;P62807;Q99877;P06899;P33778;Q16778;Q99879;Q99880;Q8N257	1832.83879	1951.004852	1748.013675	1833.144155	1672.95351	1895.926486	1882.454428	1303.300358	1788.173582	2445.143852	1748.160603	1657.901099	1609.85857	1470.364175	1787.585993	1411.688163	1684.878771	1684.228723	1760.201241	1707.272824	1527.823937	1615.010896	1514.093816	1381.545055	1199.262868	1314.027771	1289.259194	1369.476452	1452.328737	1316.170007
P01593;P01594	94.65422028	68.03320289	83.24342686	113.0930674	155.7977705	145.3131604	91.03786522	109.5635935	65.35453054	124.7236154	63.11302026	80.56273449	49.93116482	66.91858351	65.36895949	82.69185878	44.54138112	87.03448018	59.6239045	75.39431122	57.14730748	65.29420565	86.58542596	45.66360768	50.68843865	32.11386194	47.70672586	46.34228095	64.1084698	40.92051473
Q562R1	583.1425764	594.5545119	686.2738844	698.4616252	567.6168367	620.3420981	641.0760412	717.2545788	639.0626311	619.6887855	538.4495232	620.0132725	642.9784257	711.7964797	744.5483844	859.9365564	759.056498	718.0105844	651.6502289	604.9932718	746.0412056	729.051008	668.2848729	784.573223	756.4257371	982.6500646	882.2556028	932.0457663	797.9999737	592.7817462
Q9UKL4	815.7708298	636.5002924	499.6740705	791.4131256	1105.532788	4015.576335	1756.584074	945.3725242	241.7666962	5702.684527	567.3016181	542.7400907	711.3304335	801.6861959	596.2937986	439.8149505	374.7383974	351.0747667	714.6075858	413.8328453	331.8102886	524.4203996	377.6246358	366.6808251	703.241539	112.2156247	413.2135341	332.3087611	289.2120166	463.8449828
P23528;Q9Y281	2685.062477	2855.905159	3112.705912	2283.668148	3470.833831	1686.165776	2671.708239	2440.721732	1626.67295	2746.458667	3487.364979	3808.177448	2788.143869	2900.660868	1862.600157	4834.981272	4661.890644	4022.868965	3961.792102	3330.223642	3729.531833	3747.028065	3552.804821	2393.852515	3035.052588	3225.365693	3356.982291	2902.125582	3625.920096	2802.965047
P01834	29234.27477	18017.02444	16833.90764	22552.85403	34459.5231	30108.41263	14844.6831	21589.2079	10314.41391	24972.99621	15289.10079	13539.6436	7963.487431	5962.595387	13928.68612	14132.60085	10728.20274	11450.13739	13497.10643	14281.8656	9491.662242	13669.32232	10217.93396	7088.525605	8696.919659	4711.212512	9694.433415	8079.234961	9547.459365	9691.968268
P62258	901.9119629	1084.955612	958.2389091	1026.460297	801.539974	1040.859836	1257.55	862.6050216	505.2672663	802.1513523	1254.017445	939.9412589	1049.427225	831.5375565	716.3649256	1214.375324	1258.300685	1309.388492	1592.71207	1138.354312	1637.199144	1440.124787	1206.882571	933.4517579	1283.465373	954.4647078	1145.201519	861.1653495	1061.00327	1046.136074
P01861	1621.014902	1528.202899	1503.388785	1781.54783	1651.291203	1944.950471	1527.266827	1603.510705	1632.719355	2070.384763	1498.807259	1672.008266	1524.962794	1435.572149	1494.434926	1072.642141	1499.696509	1447.662866	1531.968061	1568.903973	1498.760316	1550.947444	1525.163579	1419.103527	1514.279377	1354.628051	1483.511579	1420.451805	1417.859062	1361.442393
P00450	77.10877565	16.4643998	1.470148585	7.943888366	40.19777637	33.90590708	50.09603036	6.731637106	10.47054883	242.1178209	23.33981266	7.135209231	18.84997359	9.894798232	27.75247616	7.476133887	2.496694449	0.410120405	6.389980691	4.422383613	1.777816774	6.396476558	5.300973744	6.700589077	38.10517907	1.420486233	14.58408924	4.716512229	7.874798695	5.178328221
P62805	1051.676019	1086.561551	594.930487	765.0133703	522.7662665	1242.899983	1798.415088	243.6065915	724.1971696	1185.012644	436.2595154	189.6004339	575.099823	237.8138159	361.8760525	774.4179287	143.2123174	320.325539	527.0499345	749.7893813	88.11579738	533.9322925	436.4888223	370.5092927	159.5933692	97.18363125	74.38834752	286.9161725	204.2299688	285.8974861
P08246	166.9667431	175.778879	86.18467805	102.1013305	43.79627471	61.54427234	147.6189612	25.60170143	56.65257627	435.7024609	34.10571822	43.77916228	50.61213248	26.5115834	24.43464813	40.10233411	26.34942405	13.01351363	14.10790919	55.85363954	34.51556732	46.03720579	54.97396726	53.65953198	35.62129111	23.75326524	17.35219276	43.72776549	28.97602231	21.64596955
P01042	141.5279382	202.9350401	152.4320244	238.5814446	136.9031256	250.872593	160.4371712	154.5687953	125.6071611	257.5526288	184.4440433	141.1052874	166.6425226	173.2320933	152.8472425	93.95543497	144.1558792	158.0786204	180.8140825	138.8805353	154.0539576	149.4271271	169.5435424	108.092578	123.6591139	125.4059951	118.2469173	104.5825307	131.4620935	173.8225928
P05164	201.0075661	190.0795389	107.685466	327.3055358	167.0152396	995.4273375	281.5506668	114.4134523	132.4994697	426.3614094	23.37347143	34.64890667	87.06923196	50.2232028	23.44104725	113.9189153	21.88860981	38.00286599	25.84965881	68.86017695	33.87590517	97.84416366	66.30016447	126.0274995	56.98202413	32.55760846	30.57693288	62.6294455	35.19888626	39.15156817
P02538;P04259;P48668;P13647	91.23999171	108.8216107	104.4976005	149.1189081	60.06619384	290.6677816	82.12158874	72.78631775	66.96306717	140.5586485	63.6041523	39.3625913	68.16616123	70.15580386	36.12206134	68.85226962	39.78553452	60.64702751	56.10273959	77.41320744	43.83771451	71.50411412	58.76469267	58.89127127	51.6643258	43.59976888	41.1756444	40.40241351	49.50164266	62.72209313
P01876	34414.34759	13745.50248	16538.84258	16648.90874	29104.52131	20664.21804	10170.51942	13215.81452	18362.0696	19755.10215	7056.992054	7789.42106	6431.589842	2051.977506	10856.47259	9886.185352	4476.907008	8195.254716	9887.42311	16758.22104	5438.616509	9034.395532	6648.343666	5050.594959	5607.19144	2553.187042	6805.292437	5958.292017	7928.853425	6740.568917
P05787	2658.032042	2350.268767	2767.328001	6873.779493	2359.957745	4588.103921	2353.679807	3404.351045	2699.71499	4077.474781	1535.030586	2201.09586	1805.881628	1740.114253	1240.612838	1891.616499	1766.286579	1949.136959	1454.839001	2102.028102	1330.438481	1808.571956	1532.746915	3536.889125	1300.253028	1517.014347	1269.976042	2777.337417	1658.838187	1494.684981
P0DOX2	6087.194696	4694.103099	5105.276726	5570.944804	5977.266978	7680.600356	4191.78643	4690.591208	4176.575319	4953.914495	4732.535431	4558.345044	4045.937604	3814.37739	4366.598784	4215.629475	5111.805706	4609.699677	5175.996424	4867.266657	4019.568071	4432.714633	3954.023453	3646.751475	3845.931756	3413.090211	3732.375417	3384.773626	4075.029541	4136.952095
P03973	6866.600942	4524.450665	6448.913816	5109.398889	11797.49462	6951.791376	4174.085457	6009.659213	4260.271902	5440.06323	6918.612642	6155.04627	3481.402193	7236.156336	5564.484497	6504.308595	4416.801772	4912.602503	5936.28249	6984.877412	4015.493837	4361.837717	4021.034669	4497.665209	3453.297997	3131.060706	3831.042909	3941.560604	4375.034334	3836.387787
P09104	1463.291284	1064.645251	1339.476268	1519.687431	7118.666078	5120.729569	2850.535218	1489.37924	868.3341137	7328.450002	1384.277914	1792.841367	1601.388837	1760.656482	1321.308185	1316.676199	2215.652923	1172.580689	1336.241744	1342.644255	1051.083148	1414.344336	1107.211666	927.373535	1286.864882	582.6807411	1062.745715	958.0447056	1059.181961	1194.881479
P01023	155.2036201	183.3552474	210.1700294	305.6056322	290.7806439	674.9182139	244.657881	208.7123655	208.2154969	764.3372145	167.9811601	162.4278403	208.2920441	175.9540254	204.8649286	143.3850639	165.1991866	384.1728279	169.4953877	175.4516797	129.1686096	177.420927	123.5175077	155.1663406	307.8604185	119.0103005	109.38121	150.6572601	99.67097976	129.9748082
P59666;P59665	7564.010109	6349.594485	4129.612712	5880.850307	4068.180496	3701.626231	7898.35241	3755.951443	8488.884141	13969.28481	2499.568534	2581.543237	4153.825279	2882.750182	4396.213405	4845.92511	1544.40103	1777.756363	2065.735987	5251.752072	1468.931482	4946.256007	4682.150161	5889.955058	3174.255965	2470.470927	2251.437821	4491.337829	2552.493063	2591.14489
P08311	37.06785801	24.23258411	19.52682409	25.0685144	8.213611774	33.69645144	28.14871266	3.293643626	31.48389045	96.81845017	2.51359793	11.84197248	8.75719954	5.240288117	1.311827178	5.399587015	7.136639811	1.969726386	3.024380487	8.446965094	5.050208652	10.95319396	17.18438125	5.73104047	3.289165536	4.746092884	6.797597261	3.409501751	3.049486235	5.706442464
P04908;P0C0S8;P20671;Q16777;Q6FI13;Q7L7L0;Q93077;Q96KK5;Q99878;Q9BTM1;P0C0S5;P16104;Q71UI9;Q96QV6;Q8IUE6	619.8974973	671.3693573	430.5832264	398.1700973	241.0908545	551.0245022	1116.766761	85.78326015	436.2052151	1101.528027	557.4066986	150.9434778	250.6917064	120.472554	739.6139852	304.8484512	9.876499972	698.6535599	1076.618646	428.9618	34.93110795	329.7950633	265.8872232	174.2659122	53.70137729	20.49607331	33.07407754	90.04498742	202.4718138	280.6297637
P0DOX7;P01602	1962.865992	1162.611407	1394.628148	1671.910005	2562.251946	14967.04772	960.8601261	1582.1419	606.1695031	1899.269845	918.1129682	1029.385113	579.5848243	493.5922812	811.0678959	1052.227671	596.91026	903.4107839	1561.748352	885.7956322	567.3369203	834.6424391	709.7197446	487.3127876	576.1062759	480.0673532	615.1444142	569.6541137	982.5461946	687.1294041
P01591	1757.762845	880.4442223	943.3746457	1072.888343	1687.824715	1692.337959	978.6797242	1421.068547	1282.514844	1087.375265	547.6251419	592.2903395	570.5154812	422.4775787	1039.309938	794.0158022	480.5006408	594.2840421	703.0661007	948.794183	519.3186862	721.8590968	662.2426961	890.0566576	847.2037093	747.7838241	913.2833656	771.523849	616.1074605	603.9265223
P04899;P08754;P63096	5103.188422	4537.599196	4700.660395	5318.60818	9693.340507	9898.015867	5859.247897	4828.645657	5198.590648	10444.81532	5094.128427	6054.155812	4721.118178	4971.665887	7322.275267	5583.420665	6472.012161	5277.107526	5792.566652	5350.349886	4675.58566	5092.805138	4772.756037	4270.926387	4435.163697	3992.596133	4235.87899	4381.489796	4672.871877	4539.282854
P06733;P13929	1266.074792	1560.646813	1014.846629	1622.889432	1231.049549	1885.305939	1281.438425	1111.410959	1201.344363	1273.377028	1338.92019	1206.917453	1200.268561	955.4267936	1017.415854	949.6613585	1292.147652	1233.694345	1442.137153	1162.626826	1125.326525	1060.14486	1076.127341	1006.772104	1186.182739	816.2782144	1099.71925	831.0461068	1106.489884	1044.883517
P02763	313.3527399	248.3291198	252.3292762	219.6178072	212.6703469	228.828764	294.5378303	221.0254559	351.7682396	2144.413558	219.4057261	202.1478195	196.3250733	392.7058424	416.4438638	326.044448	191.2062511	256.9645275	185.3665596	203.1174652	153.519249	225.5820437	288.4104635	189.3316798	170.8463621	173.7677645	151.9343856	206.0510511	144.4843614	220.3440621
P31946	40584.48184	43021.49276	44606.39877	34438.79495	39528.09823	37973.89934	27799.85343	36417.20055	10832.45342	28470.21586	39996.7956	34293.29998	33322.70943	39650.86496	10991.37691	54787.36889	52118.22813	49766.96618	51556.09347	46959.40809	45378.21358	50248.62166	45018.95163	33537.67619	34668.13541	36674.73411	33691.89704	37433.44459	32971.77872	38597.30488
P24158	26.93763586	19.21149076	1.841624203	12.41786217	9.315660133	0.00001	31.96923136	1.615279461	6.675673316	110.4604692	0.00001	0.00001	0.00001	1.695615303	0.00001	0.953097498	0.00001	0.00001	0.00001	0.882461734	0.00001	0.483869509	0.00001	4.824840667	0.405580784	0.00001	0.00001	0.00001	0.00001	0.00001
P0C1K1	4772.934559	4975.281603	5434.758376	5822.551727	6702.473209	5138.461307	4574.921518	5285.342359	3108.389513	4500.93103	5944.701182	4675.425221	5314.279564	5334.62957	3608.403397	7606.502291	6383.937932	5700.17311	5855.149687	5941.090749	5778.191922	5374.516103	5841.59827	5218.928395	5081.286226	4857.565278	5251.560368	5545.803154	5801.928061	4968.216803
P20061	87.78685706	18.54560049	41.25483173	104.0103406	34.69179901	61.35937287	10.80113434	92.75001252	6.240131041	15.10225551	30.06941678	15.38134521	10.51384551	106.0639887	8.388187519	16.85463921	21.61033779	54.17342547	23.49594676	10.08622088	4.834940623	13.89724736	5.700297526	30.17700538	9.042681488	4.609262511	13.2802998	15.42312507	13.74679324	22.42460641
P61769	2275.00126	1259.965584	1310.507536	1042.188709	3230.608451	1310.422032	907.0724006	823.4664863	762.5616544	1598.351818	2244.932679	983.4217865	678.5172586	1947.342484	843.8284644	1316.057499	976.2193183	991.2818567	1469.34925	1421.093691	808.9039854	1130.473198	745.6107445	736.9402253	632.7387446	459.7669557	895.5905221	615.0945178	1193.552028	954.8990157
P06702	600.0135092	614.6053071	519.5076467	459.1025613	478.5345233	473.0483276	751.4201685	242.3258986	713.2013922	1417.042841	259.8841136	172.2313561	512.2947457	267.9762675	464.2659674	481.5851165	187.5730379	331.586373	308.1893208	469.3260648	198.9298045	647.7967591	436.185788	446.4971714	361.0870745	156.4402984	183.4012544	244.262617	330.467177	320.0867483
P29401	17.12821623	30.34771513	11.61266429	29.88270359	71.28903699	119.1362356	23.37993997	8.394288897	13.55650444	13.18457516	24.26790886	8.328028272	22.24499287	9.397756436	49.34437055	11.93900628	22.19808385	13.52640681	22.71327289	5.858643674	14.00678129	1.892306604	12.26387271	4.682766342	36.45476584	8.369567699	18.36762336	10.41719424	13.05824822	19.08519955
P08118	1408.095196	283.3934425	504.3035285	648.3874283	1221.812223	968.4502914	147.3545463	226.5498244	406.2610084	254.89103	782.6624606	393.1962824	225.4101272	219.000982	319.931658	727.495614	259.7553282	536.4746055	611.7670541	523.8844647	146.155878	276.7848759	173.6716281	461.669392	128.9793665	79.36398487	117.8099768	111.6744231	395.6919948	124.3419948
P20160	48.42273704	52.39506362	46.39267815	51.14686748	43.10421858	13.68245385	53.41774929	29.90503637	59.6073779	286.8734557	24.69297197	27.52798283	30.9306604	29.30096125	13.59093909	25.09802608	33.65307529	47.20802828	23.98710914	34.54281855	17.92580139	32.81763281	38.78796065	26.18634359	11.35779223	16.81989411	21.74529646	23.06428419	21.62678377	25.35756205
Q96DA0	1463.434784	1142.867158	1846.440653	1625.941783	2470.297737	1858.718837	1396.521126	1261.686666	1345.825311	1642.132402	1288.883549	1186.17565	1208.012756	1163.017525	912.846526	878.1635896	1894.112271	1388.640495	1263.601754	1304.615828	1239.904509	1058.479818	965.5861575	1365.918031	1022.953481	1302.116798	937.640833	1082.375793	1392.760069	1068.372442
P04792	18324.70756	18571.08224	18597.97481	15830.06572	17598.44366	19929.63491	13240.48584	14371.81538	5292.281997	13697.95361	17417.28143	12540.97092	14289.52626	14038.73199	6266.71753	28011.6993	20038.94212	21738.01206	22633.47666	20575.91459	19989.15839	21294.1696	18391.9787	13583.95941	13968.31332	14009.84997	13317.66958	14509.30429	14191.37915	16438.61316
Q9GZZ8	1811.514046	2141.782367	2404.810625	1020.651646	1221.353923	91.79354501	1049.105947	1019.015676	1737.794261	1602.798674	2395.998363	2489.394416	2009.004434	2004.778959	1508.448316	2238.188155	2635.630763	2533.805268	2631.857819	2216.942435	2519.320657	2471.642955	2266.55487	1610.001593	1441.827724	1960.636561	2711.546788	1705.121256	1961.857088	2360.330145
P13796	786.3893057	1033.594539	907.2465264	948.7308419	2155.893913	976.4639703	811.6113778	1116.48328	665.5187266	747.9344923	1322.941621	1314.902939	964.7935695	837.8962113	581.8280806	1201.66827	2945.669755	1512.579462	1509.187569	1251.546761	860.2604914	996.526926	1392.236253	991.0174159	1559.82325	930.9184075	1132.415211	826.6926738	1105.785476	1107.51681
P0DKA8;P22155	27.90624984	25.30762942	17.8661381	65.60169009	38.51976953	57.43913067	35.59563281	62.67229294	58.79556328	3781.107562	19.24265252	16.44955845	21.80337096	17.93075705	17.8832511	17.52583291	7.05400826	38.60338633	6.456591999	18.02439093	11.23380405	26.53849953	21.63430691	32.88803828	31.27592391	18.43153431	21.40491505	22.53128425	19.40269218	24.35920811
P01024	43435.85402	46387.60282	61670.46065	63889.37726	47607.40478	28968.89241	41799.21641	47987.87329	47927.4332	62402.19246	51078.58981	77751.01566	57548.09144	56998.60126	51988.83849	41378.12453	78363.44545	67098.62608	63199.81541	61525.35386	73863.71883	66242.34937	67399.87797	55880.30095	47606.7905	57295.43969	54285.9196	59971.73244	67021.86348	47729.95176
P02652	6182.856009	6934.190191	8111.734265	7615.357919	7502.874133	7123.828312	5878.29065	6756.134772	5916.04542	6728.184915	8034.233354	7177.065195	6693.195713	7019.28244	6561.375696	9600.204993	9161.782506	9251.355276	8563.551032	8877.899501	8699.52185	8506.902331	8222.564042	6614.694373	6070.060741	6411.31317	6164.566435	7027.717518	6285.260876	7043.326859
P61981	7747.52026	7273.821638	7970.028087	7673.514126	8903.451975	7133.764113	6862.4124	7963.032068	5917.426982	7982.407825	7591.003716	11223.55687	7843.514662	8295.963618	6660.587828	9711.053703	10944.71884	9465.339369	8958.971739	9046.46337	7939.899215	9098.760672	7716.622833	6919.53983	7708.305584	8110.02569	7867.692869	8566.172937	8998.543924	7444.08943
P01009	101.5791591	63.76934649	51.41916064	43.10147302	127.0414157	180.7831334	125.5045644	71.20316109	51.58977913	639.3276602	93.07728781	64.4414592	69.32892866	104.4725209	234.5635902	53.54615283	77.77174962	85.95217687	111.0781946	57.91405678	59.41955044	63.26743897	62.24063859	47.90258754	129.208821	49.01872315	91.91629643	54.60943095	54.43950506	67.85602062
P02787	18916.78385	22508.75614	23387.0511	26037.28506	18512.03566	18739.38238	16952.85764	20314.48941	24330.3659	23094.19096	22840.17974	23679.96436	18472.24587	20107.084	23418.56867	28567.92942	26457.78664	26755.04025	25045.5612	26237.28556	27594.39988	27996.36641	29267.69538	21042.84247	17653.00532	22057.96497	19111.37543	22688.70982	18571.60483	20179.91494
P02765	10661.46271	10080.12465	12421.23352	13102.8497	8858.739597	11471.24938	7866.858094	9342.448389	13027.59827	12367.72931	11718.26293	8719.591805	10187.77742	10460.89767	13242.9804	6883.128584	13055.99228	11943.93973	12764.45794	10923.92828	10693.29931	9403.013538	8694.150461	9091.549507	8047.423246	8898.63059	8212.49425	8405.569036	8932.730718	9528.723663
P07437	6843.148134	7455.721016	7240.643103	6444.931652	7209.027881	6019.923643	6054.452702	6225.164981	6277.733168	6510.264377	7520.654257	8180.678294	7044.796621	7350.996137	8453.792859	8412.25516	7620.624544	8111.596685	7839.049403	7866.911887	8163.057873	7920.350539	8499.297774	6983.738699	6790.695675	7401.448427	6773.247828	6791.199241	6270.380415	6695.459872
P09211	104811.0874	87371.96914	92806.82607	97997.1175	118482.4553	116516.0006	78183.63315	83847.77282	90774.1905	83554.17448	112194.1951	103514.7292	79080.97641	92763.97782	96125.05526	91070.69665	110770.1048	100327.7078	111996.4745	111136.637	82668.34636	94653.71798	83126.6917	77202.86819	73478.62561	68761.48777	72862.85974	69323.41656	80466.68977	78678.86751
P63104	32828.21642	33739.18398	34736.44839	32806.89723	33480.69749	35357.9433	24590.80028	28516.44691	19959.25444	28562.50006	33819.70575	29016.28209	27004.79262	29224.22981	19379.19522	40050.56668	38731.77359	37213.99212	36699.53569	35962.60275	38435.55895	39334.06011	39344.76945	27142.03446	25914.45633	27285.41858	26375.96665	28276.20737	26613.32252	30479.41503
P22626	2524.266583	3154.785025	2869.937926	2537.546441	2408.662634	2193.292327	2123.135035	2368.7714	2166.393976	2494.566687	2950.380916	3298.045059	2656.424006	2921.205642	2941.722639	3171.138937	2802.046716	3175.212524	3131.326608	2804.038556	3146.11636	3068.462636	3476.359342	2544.177146	2501.571206	2861.349967	2642.250075	2724.523836	2259.027359	2527.243416
P07737	601.3287131	816.102865	461.2621284	1239.284765	1023.808355	1105.796766	798.2890385	550.8263832	497.8675848	1747.257164	696.3798509	532.3804543	749.5189851	344.7400445	571.3362054	458.7021001	703.6576484	657.8530913	710.2447759	463.6080427	797.6767279	444.5685852	811.3107923	450.5261162	986.8603765	306.2835132	623.0032948	341.0865725	666.4881554	462.0564811
P0C0L4;P0C0L5	1219.585476	1196.806832	1339.469064	1218.308369	1214.45796	1076.188359	1106.588811	1097.55979	907.8630514	1354.615816	1222.219155	1517.08241	1223.907061	1192.514184	780.0439942	1401.421611	1340.126174	1557.368494	1383.758994	1331.878707	1372.624494	1429.873948	1313.736528	1233.896173	943.204152	1107.169012	1145.969781	1208.773316	1299.646793	1159.587469
P01877	4482.998784	2939.477197	4081.764051	3596.077512	4044.601792	3837.07728	2243.264572	3795.658123	3400.290523	3696.250095	2708.029085	3063.273951	2486.422962	2676.512536	2665.387137	3167.86856	3388.273429	3305.8673	2928.176422	3562.633136	2904.794755	3455.613958	3087.127513	2652.378128	2277.692468	2595.079369	2501.091275	2733.660674	2831.858691	2672.855348
P30838	1207.700228	1529.066441	1327.490279	7248.906242	1426.650317	6679.317481	1597.905275	3561.274639	1798.256831	1480.69049	2528.503121	1701.865536	1278.783343	1119.293085	873.0988236	1519.750105	1703.976242	1675.032531	1893.442779	1494.909062	1576.118967	1043.551297	1701.52596	1795.611319	1413.344892	1323.972302	1231.489424	1369.915546	1097.099344	941.7156663
P02647	11620.30776	14922.11859	6051.380039	11617.09756	14058.8966	31127.21692	14157.26286	5656.523541	7542.738999	8057.464672	11634.98444	6765.142583	8222.475561	5862.914903	16193.19529	19718.519	10119.54409	7947.353498	15395.14441	7069.824896	7740.364157	6231.408182	6570.046101	6636.491575	8631.486885	5089.577121	7593.109104	4563.64331	6678.805465	9882.615655
Q2M389	5219.822577	4867.713377	5715.41133	5345.311171	6484.334176	4412.024032	4680.984871	4695.669296	4643.209483	5445.636718	5641.049459	7627.709415	5169.801924	5275.217476	4507.496103	7782.758477	6920.348286	6809.062403	6139.629788	6854.837811	5439.766789	5485.939122	5195.989618	5421.080101	4681.190231	5015.291889	5071.016356	5243.475401	6191.295151	4826.171141
Q9NYJ1	656.330509	650.1807805	773.160387	655.6502919	588.1342439	592.7777121	387.4771255	401.4127151	579.5764829	670.030069	634.9397047	669.5589038	595.4875422	656.1264154	577.7149275	283.3815897	755.4890058	643.897255	674.7259357	767.2404722	588.4887273	557.3844891	499.1398757	459.7865592	371.1039129	471.9611158	387.5843212	466.6183048	632.1641416	524.061235
sp|P59594|SPIKE_CVHSA	189878.8432	174596.5237	199097.3264	185488.8273	189909	177926.8398	131929.3037	161436.5004	128193.2941	174615.015	194929.5364	189596.7977	167998.823	170533.6284	145491.1801	211613.6509	224720.5066	216926.0937	216652.3074	217681.3963	201173.1189	204811.425	207710.9664	153046.3007	147120.6284	156683.5342	150411.3166	163025.027	171151.1122	167115.5677
P02671	634.390119	553.9139743	626.7972522	489.7592527	618.715083	660.7314269	314.601386	365.2917705	405.3531221	728.2968204	478.4173324	466.0286966	569.6514383	493.4349464	511.2262982	531.272436	535.2453596	528.8893682	543.6409384	723.0302413	423.8890574	415.836924	454.8263216	364.9730649	333.5974024	361.3361257	360.9901756	396.4124544	532.2694752	490.7621288
Q4W5N1	24879.61163	30367.96286	40424.33046	36762.02852	27827.98813	20341.52769	22795.96978	31863.92329	33271.07431	35009.30622	35948.02883	40591.95461	30418.18815	36066.24897	31423.99133	25770.62366	41005.65564	40655.42141	35917.09984	39216.59164	42693.02251	39971.95515	41312.37443	32411.46013	26184.96485	32285.65621	29906.11678	34541.47021	34545.53513	29312.26928
P07900	1188.550676	1182.420754	1249.411359	1185.624888	1213.791811	1283.122565	849.7416199	888.0358675	650.088966	999.4202057	1294.910372	1123.996936	983.0826526	962.683525	769.4391501	1280.574653	1405.252848	1484.498729	1531.774366	1465.979459	1497.944242	1390.51145	1475.970357	866.8501461	899.4525577	889.2197382	897.0221675	908.0615836	975.8482297	999.0798236
P0C1P4;P0C1P5	4383.710059	4313.242634	4352.352646	4712.78715	5439.795415	24413.20345	4274.414606	3851.934086	4525.709449	4928.231164	4450.248729	4725.757655	4153.356425	3734.658958	3950.926771	5133.201297	4739.124729	4925.3393	5656.839376	4642.569697	3813.54529	3925.86485	4007.387853	3376.129732	3458.874792	3442.674878	3265.83991	3402.21138	4533.845237	3946.214817
Q9BQE3	187.1901747	157.5076705	169.2098208	187.5641856	215.2813561	199.9785232	202.0699194	171.086562	179.7918445	165.9174341	246.6492425	322.4941748	209.2873325	172.0554217	243.0345296	123.5775084	280.9988994	275.8297028	359.5145934	263.3001717	381.6509606	266.9193007	264.7960456	174.7183714	224.4295841	165.8104089	221.79346	164.7787953	222.3958586	174.2005472
Q9BW30	120.3220419	138.9623083	164.9344745	288.4631299	158.318869	576.4888494	225.7269507	140.0888532	47.08814569	164.9519041	280.8946524	293.2968006	264.4239962	99.41623394	131.7664337	167.8430078	436.7757114	390.5382428	638.3525929	174.1890467	451.4100274	229.5848205	259.1901706	108.0998669	236.0775206	161.282684	252.130851	133.3574583	194.1281313	149.9367895
P37802	42.09392196	106.8562817	11.80906628	34.00877385	8.030445936	64.01960477	77.47718894	8.211140354	8.204085074	35.29989349	202.3340804	27.76529666	130.198546	4.364635739	110.0359041	14.54121359	183.7662402	170.5446506	391.3226217	18.10817097	160.4351338	18.57154699	67.10103121	17.25911893	141.8119419	20.90109403	163.5516377	10.26325797	139.1768849	71.9218946
P30041	87.76906963	64.83742577	95.3735611	124.5567051	3.8017157	103.5272924	69.51520505	35.50089126	58.70095227	59.68877534	100.4588137	64.71313468	83.6281538	47.34260736	1.956516343	14.6223887	116.8942432	226.8666896	279.0145722	66.39622624	224.349546	66.56818215	90.75176498	43.86164173	106.5257172	36.29882871	67.03582664	34.99303301	73.99789798	93.3714006
P01859	3107.814482	2671.275299	3116.469914	3433.231352	3372.590957	3307.046077	3800.224989	3492.663644	3525.870905	3808.995017	2719.510743	3086.486145	3221.311123	3208.316719	4151.058314	2044.36467	2993.690115	2609.448997	2849.654926	2819.471993	3055.102227	2946.665998	2691.704154	4012.454971	3739.395491	3831.297199	3495.483215	3600.237998	3196.674665	2828.941212
P01033	347.8904516	387.6630386	393.1081772	412.139368	342.1304109	379.5287746	339.6227334	360.1672919	357.9189109	424.8558111	377.8816638	458.1028194	354.727803	372.5863637	381.712628	367.9021505	372.5070818	353.6800043	326.19186	363.1063123	373.2002019	351.5934004	323.2796899	386.0530031	349.0262798	357.0405931	363.6684841	387.0527288	444.4843539	344.5575881
P00352	27892.90166	26868.43318	27817.28816	29506.95184	38704.91417	31642.78811	23766.50477	26456.38625	22074.20396	26707.18261	30333.68026	42557.82072	26195.40681	26959.16194	22582.94548	44033.48091	36142.78797	30314.13129	31992.56512	34983.08005	33100.3591	34662.00446	34426.77113	26430.74416	25112.56802	24734.85915	26546.33064	27577.85291	31028.67037	25558.49158
P25815	335.5120726	403.0130007	121.2425448	332.6262679	227.7784928	922.8495692	351.7305272	145.4855597	149.4778005	241.2024036	333.3134531	138.038674	345.4879237	251.4096744	247.8291138	408.3701711	103.4745585	208.527202	272.2285948	314.2275765	154.0715047	129.0718395	169.8859579	195.3428195	278.2445614	291.8349835	288.0804532	123.6471853	258.80087	196.7229434
P31025;Q5VSP4	437.3231407	562.8390555	285.5715822	505.7878132	99.11019776	533.6700863	396.1398942	51.32237846	112.1484444	524.902395	1421.785914	660.949228	85.04701329	38.24150592	371.9901882	62.81799145	86.12501978	363.5794984	73.80816661	100.001593	94.51155403	791.433482	28.9702742	2166.754205	26.14692886	40.40077529	1781.589328	41.03140091	181.5252499	300.9284048
P01860	3739.830178	3367.749597	3352.96604	3504.285988	4245.770104	4867.418038	3317.8108	3240.254092	3135.755824	3758.693315	4122.55861	4303.810482	3175.306617	2886.787124	3658.53515	3576.12053	3863.945428	4063.330003	4439.210868	4450.882062	3448.818411	3783.158432	3614.749101	2766.847639	2916.616157	2477.146651	2842.541726	2637.286003	2818.617416	3088.56174
Q9H2Y7	2145.768528	2188.263821	2004.960906	1990.01508	1806.004908	1885.85884	1517.075514	1630.345228	1752.60343	1675.298634	2073.543954	1857.368389	1620.99548	1741.597892	2271.992794	2163.633599	2031.821535	2291.299703	2009.286356	2098.483945	1593.607845	1964.374064	1931.686456	1496.06641	1365.066655	1407.847767	1264.740982	1520.019405	1603.220665	1644.607605
P14780	23198.46238	21733.8967	24658.03905	23905.60392	34175.61993	24127.71588	19737.28912	21184.51118	16705.65968	23869.84864	25882.77023	36837.97201	23009.88716	22936.61941	17762.06059	34791.62435	32419.54617	28230.78124	28249.60105	31747.97447	25976.75442	26877.30135	26991.75128	21523.54746	20650.90513	20697.74851	22212.53718	22281.72802	26509.9603	21331.55604
P22079	311.3746645	281.1691374	359.1388723	386.3036445	413.5384486	372.7961852	213.2358489	371.502638	219.4146133	256.8174875	404.9587518	400.3352482	294.5008628	354.064587	234.5369777	423.4055921	441.2988252	391.7685913	324.2908114	369.9951961	324.1541238	322.4935199	411.4332205	306.5258444	300.0664435	324.0066097	310.4438787	355.616798	310.876789	307.9575217
P02814	3.457706123	7.675673905	53.44975098	6.431301309	4.510867562	18.20366355	85.12616062	11.84062524	12.70028366	1.913281686	7.826392564	30.62302726	24.14381554	22.03072804	128.185147	14.04561129	1240.237647	20.82601065	19.76492801	7.322837297	13.27617058	19.77178946	10.22193605	10.10039805	6.335789958	495.1059934	9.994360699	35.47415901	1435.740447	5.327035686
P04196	38.1834332	42.45646969	26.66286008	36.46073014	23.64769463	48.67541804	66.22891496	38.38261481	41.23952339	69.25520515	36.90381807	32.0512909	35.10626584	32.00460521	32.1447507	40.15777779	35.6569071	27.18508203	40.90973871	26.66856445	23.11000869	27.46461804	53.56310679	43.16269624	44.7178844	28.1244357	34.46077471	39.88632337	31.45553944	27.76023771
Q9HD87	14494.30606	15304.46752	15560.31923	17421.35035	16436.36734	17723.9232	11863.61201	14667.69802	20724.28263	14874.27197	17008.83198	19502.30287	14431.72072	14547.42928	23523.07578	17425.74287	16779.59312	16359.00106	15826.82746	16174.18119	15663.77366	15511.21479	19146.2909	14089.57221	13257.2743	13742.75584	13940.48157	14541.30233	13807.9571	14709.88489
P00441	96285.31628	91559.28278	103423.3012	102547.5255	106561.6057	98674.77065	72778.23792	81877.48868	73670.79095	89765.91863	102948.1202	100664.4974	85074.69937	90780.50487	79129.93709	111764.842	124500.9697	118475.9645	117572.1177	115983.35	105137.0483	109845.1094	98963.72049	81863.88101	73956.40184	80435.90761	78202.3668	84205.42006	89302.66622	86968.33165
Q99935	0.437001916	0.000278202	1.375849565	3.52611672	0.00001	0.00001	0.96433625	0.498424819	0.520241071	4.329400299	72.63579562	21.41978313	0.068255681	0.668619893	0.00001	1.156662323	0.177651112	0.659607229	2.390824968	1.025121196	3.882066739	0.739081632	0.337005625	66.2026382	0.77806693	0.137179305	7.036087802	0.003918089	1.603103119	0.000318291
P02679	2245.760805	2390.139093	2789.292346	2686.904337	2422.740305	2114.502962	2046.703584	2299.230303	1926.138317	2645.790732	2693.742644	2630.018316	2270.717689	2500.956275	1695.75537	2061.159803	2977.058263	2711.159773	2725.344454	2629.880795	3081.431461	2874.276862	2761.961652	2263.915659	2034.007604	2236.830853	2165.5564	2326.61196	2333.647417	2219.601317
Q8NA03	2000.433493	1716.713923	2020.370932	1107.691754	2184.052747	248.5519674	848.0479075	892.1530731	1619.711316	1149.19244	2219.068639	2097.138691	1824.454609	1633.041523	2044.6994	2242.087841	2287.49341	2077.310315	2108.928267	2523.040382	1768.050816	1749.428352	1633.383567	1183.114887	1255.559794	1394.899249	1261.462391	1084.772837	1635.383774	1849.091045
P02774	4513.353606	4466.674296	4604.917722	4559.498295	4631.503815	4815.92006	3830.315317	4304.624282	4321.416351	4488.262536	4783.459769	4776.063942	4127.220191	4163.490737	4820.713511	5411.168748	5050.913475	4994.963544	4946.555641	4961.974592	4537.167983	4626.749362	4640.749135	4077.837437	4253.069097	4458.907258	4356.59085	4592.117044	4112.217268	4287.712482
sp|P59633|NS3B_CVHSA	12144.25492	11834.77581	12427.29218	8180.647167	12265.30145	4127.971725	6836.15012	7242.815191	10546.34974	8282.492612	14142.74218	14234.63359	11497.87703	10665.25969	12494.51557	13437.15588	13706.48011	12907.35953	13547.23501	15036.25415	11884.18003	11575.54345	11809.64854	8499.589876	8802.183844	9879.739957	9081.052233	8110.20488	10038.85685	11800.25129
P19652	1377.534433	1286.170446	1304.141539	1347.921831	1470.737221	1725.283297	1547.416995	1655.479467	1472.51568	2142.903852	1278.608212	1753.761155	1413.99509	1670.391035	1588.245407	1137.446653	1472.273307	1347.564692	1231.309721	1654.692674	1944.313399	2008.394451	1753.215458	1686.438128	1679.162401	1993.208307	1920.669475	1882.435999	1488.570185	1377.20942
P30044	947.4700133	1000.726463	865.4344809	1448.225593	790.813077	1762.241224	881.0938617	402.7803068	411.1764213	799.9997137	1277.941241	1279.903828	1466.227602	488.8855926	426.3432161	754.0182473	2339.317245	2115.212913	3280.021504	1050.306286	2212.102841	649.2324817	902.8542959	497.7391283	1205.612435	528.737604	965.6529677	362.2719369	1025.719464	1125.142633
P02768	294635.6867	285170.5539	301492.6161	275104.5895	330088.834	273066.0624	218067.4241	241079.8153	251127.8728	285446.7081	326930.6199	317523.8428	266836.4823	261307.4412	302035.8387	390204.3522	368600.383	353294.8419	360052.2878	354674.1289	313005.0013	333170.9167	343110.9231	229032.2021	229919.2147	239543.7325	241180.5157	250844.4957	253732.0357	272066.8971
Q9NP55	497.9050965	58.46931662	91.31280994	457.7584752	894.9759761	206.5704914	159.8352389	197.1079579	17.37196588	115.6077034	167.4940448	91.62433669	11.57074406	122.6522411	4.89691619	36.03264463	33.357282	1164.735996	154.8120412	132.7577199	201.9298161	22.63627635	12.42487266	517.4971647	14.24320003	16.81848132	25.85549555	43.03721259	31.44892147	139.8031967
P02675	3392.828316	3098.175892	3544.228465	3636.622571	3432.587131	7469.332045	2550.259893	2966.444346	3304.398694	3904.953479	3593.903213	3912.667656	3118.1205	3339.458974	3111.70594	3497.222751	4052.413836	3381.238743	3978.823097	3496.040464	3753.954543	3262.278313	3498.310394	2961.317271	2750.126345	2746.062511	2822.663579	2923.130429	3358.415604	3286.007179
Q13938	185627.7262	196615.9652	198184.9631	192130.0841	219027.8133	169198.322	142312.1246	149011.6004	161786.9313	179422.7054	217546.8943	211344.9983	178005.8827	183818.5396	207047.4432	237100.8924	236774.7538	239759.0277	233962.1298	225970.2613	219707.8538	223975.7478	227243.6708	159984.4148	157334.854	160632.029	164784.1074	154207.4834	161395.7237	171088.267
Q14508	38579.37867	35612.58738	40527.51596	45844.33112	40581.60161	38856.73917	29638.45557	35586.56224	41957.44203	40807.52724	40758.6334	41409.61338	36470.18417	40618.80109	37670.51949	28218.53507	48356.92915	37207.496	43197.03889	38496.34265	47622.43738	41077.32054	35032.32316	34725.45237	34174.43153	34462.98241	34770.474	35169.31074	35942.24774	35537.84422
O00299	56439.24576	48893.03364	55380.79082	52052.82612	66165.37161	57268.28883	31619.25527	38796.27337	52285.39252	49545.60235	62821.71076	56920.64327	46369.53065	44180.52281	64048.36827	65963.14141	64167.40014	57262.86306	64709.81825	64553.15432	47151.87751	48795.87765	51387.95853	35243.38773	38025.87123	36216.65307	37382.10146	35682.79054	44491.13579	43720.80193
sp|P59636|ORF9B_CVHSA	17930.01438	17303.26843	18178.64317	25383.85451	19031.00442	33107.6988	15358.2135	18145.57645	13615.99629	14596.43007	16677.28911	15286.90644	15701.06939	15599.23836	12579.31483	22569.32517	22137.49001	22090.35072	21264.99127	20903.62726	18904.36757	21277.04353	19077.52356	17061.59862	15825.10242	16243.93609	14937.90216	17402.57048	15040.32761	16651.4393
P06396	599.718091	526.4694888	553.8431021	659.682037	585.3824738	525.0515299	643.8427121	570.7500341	594.2922232	519.7484114	609.254246	593.7902648	628.6930392	527.8869296	698.7276313	905.5640947	514.845824	681.7641521	671.449508	704.4955986	528.0834994	606.9788607	577.7544401	623.3307888	628.6446674	568.0026864	601.8826023	546.5043341	527.004353	574.7470584
Q15014	1831.054898	1874.852151	2021.521539	1865.225504	1799.950784	1884.685612	1352.292883	1604.349144	1704.314541	1678.116655	2012.199061	1967.649541	1651.615487	1635.944471	1900.303719	2298.024222	2168.655277	2061.081901	1897.798793	1927.091233	1972.845282	1933.273905	2170.48012	1600.851272	1607.869601	1659.185238	1549.761525	1697.323169	1548.037591	1850.03466
P01036	495.6251607	594.4595314	717.5707066	1274.828853	3062.643428	6140.562832	1067.48826	559.3586881	404.2502672	973.0680189	673.7521334	812.3615156	491.1081439	450.4082583	1299.425496	1084.599656	1555.386762	1023.656853	576.0193096	516.8204794	435.8190762	911.9596135	457.4742188	899.2109275	479.6457939	624.0552359	1011.685323	630.5088165	950.4224056	734.292376
P05109	3554.34811	3395.509483	3241.048839	3287.600958	3488.044004	3647.924495	3115.569795	2649.100453	3178.167012	4378.641704	3099.648742	3382.848464	3045.127947	2874.464099	3097.398644	4581.204281	3536.289082	3521.61942	3704.91842	3557.923162	2814.61806	3353.864783	3314.106782	2917.69747	2445.61728	2487.829454	2508.881435	2687.209906	3159.33333	3052.128732
P68371;P04350;Q13885;Q9BVA1;Q13509;Q3ZCM7;A6NNZ2	167.5135065	160.4082639	130.7480522	262.1573175	120.1282946	446.9422444	238.1192749	76.2475905	63.8212137	192.9256889	438.877351	325.5421658	367.780526	78.19262324	246.1572424	76.50258348	534.0256877	816.323874	1375.869794	125.5281453	806.7030716	101.5445289	167.1948779	129.5729164	374.9252793	80.05825968	398.0990594	51.72344719	360.0523606	205.2274172
B9A064;P0DOX8;P0CG04	9164.33113	8931.247147	9338.872509	7079.883	9174.011165	7602.521253	7066.913705	7008.232728	7470.957294	8473.659198	8996.501431	8199.024256	8302.587857	7076.68066	9281.513477	10202.81364	10387.54387	9620.710059	9947.755716	9519.993564	8297.467179	8444.952546	8784.322997	7014.376266	7932.475722	7401.161411	7481.998859	7234.59134	7674.333368	8080.762865
P0DMV8;P0DMV9	150.754663	251.4878679	97.84222987	117.922571	31.17092985	87.40572531	99.4131708	46.75227255	48.90858471	146.5778857	370.072008	131.9720113	201.6371512	35.26712224	186.5142104	45.50255494	306.1388919	464.2603715	736.9316668	110.2329382	431.7469999	57.13182452	171.6208181	42.77760725	169.576245	67.96502943	182.5724223	19.77844642	158.8419648	190.0234137
P32119	1.679505483	7.375342918	0.85373696	7.133138088	4.318394462	39.18300909	4.814450784	0.597199613	0.864607819	61.83426267	6.545474627	1.38303235	4.037547463	0.543702937	3.512664655	3.071427834	3.625353019	14.68965637	19.93259332	1.471189816	6.264707571	0.638357243	2.573272965	0.724197672	4.468461199	0.854322913	3.585902887	0.285420638	2.102177832	2.070385842
Q16378	11.15592777	21.4927463	11.27362097	22.70009144	10.53376914	26.89916965	11.43250461	26.51986727	8.500647902	105.1170958	18.41264313	887.8789584	4.592260732	21.04284515	18.38769645	25.23124529	13.60972182	28.33529652	15.33944581	24.77257758	99.17974681	13.44546728	20.73989044	561.670013	16.54192541	23.13278469	27.19591615	18.46959252	73.05653312	18.44871645
P52209	19901.77638	17557.32356	20711.34491	18178.84711	21618.40407	19408.84651	12778.95137	15131.36425	17354.37248	18238.53296	18578.21236	17722.54954	17132.61773	17168.20082	18727.01232	19816.24766	22236.93505	21413.30798	21092.87567	23545.53812	15816.36233	16785.03908	16830.98255	14518.5897	13216.36582	14422.79753	13677.77463	15275.84466	16508.27549	16092.12831
P01037	1552.786027	1916.903781	1796.933515	2127.27988	5291.834256	8894.799915	1714.973771	1583.727746	1617.390004	1845.559948	2068.219929	1985.182619	1724.39427	1367.643523	2169.295994	2889.767411	3512.213852	2377.191209	2242.77822	1733.890513	1575.91635	2077.136716	1688.762345	1721.112327	1317.34501	1992.471591	1345.135338	1612.186688	2101.409701	1684.194165
P68871	43452.61369	40569.14647	46848.26113	52802.72696	48015.01144	42559.80757	32747.88107	38254.65479	50774.6588	55142.53377	51303.30198	50766.83735	41236.66255	44705.3328	56280.79332	39551.00855	59976.2128	51735.69784	53879.9815	51908.5683	50120.89536	45625.71911	47422.91561	39697.99268	34279.90181	36738.38687	36804.0518	38458.75441	43582.10176	38924.33817
P0DP23;P0DP24;P0DP25	3619.85354	3946.198684	3685.397061	4299.847361	3803.3451	5419.932076	3157.784583	2564.673376	3269.868482	3799.004128	4054.702399	3945.534971	3633.866245	2843.979111	3254.288234	3569.885542	4468.330439	4665.217658	5320.908736	4229.967263	3515.069195	3336.049655	3362.758742	2800.626017	3093.835916	2550.518368	2778.409073	2469.837347	3258.115279	3571.744359
P01833	53786.27284	54714.97582	56493.90281	55279.78437	61366.67706	59968.11876	42067.23733	48935.21466	51704.48683	49551.59506	59336.00577	62633.58111	49011.52444	48821.45557	60226.30704	67941.18555	64396.85737	61878.57993	61109.75573	64283.80645	57800.04685	60207.74272	64891.91435	48079.95011	46427.5341	48327.5787	46989.30926	49292.52999	48633.90909	51775.13567
P31947	11713.63002	12157.73119	12728.12033	13022.5086	12659.10634	12530.10069	9581.42592	10265.07293	11111.41789	12585.59625	12507.30141	13974.01611	11036.54127	11247.13113	12043.77271	16268.59969	15437.56995	14015.58114	14283.14238	13785.26358	12979.73955	13156.51363	12275.93812	10517.7312	9507.806494	10229.30879	10207.20968	10889.07437	11689.85358	11303.23482
Q13228	165.8596078	194.2743335	92.92417542	175.815748	103.8551857	206.5535655	195.9185525	97.6739861	91.37052213	133.263782	219.0488826	176.7992181	301.3325851	78.85509537	201.1963117	165.9726357	250.1368239	289.8421518	380.7197839	126.6549217	329.8100801	78.34306581	144.8423416	90.97609436	251.3327026	90.31107283	210.3202591	64.91688505	207.5071747	212.0206275
P60174	773.006632	946.7489285	564.4647521	537.8105274	563.3075848	658.3483098	660.555719	416.0542658	483.7435758	682.4818702	964.950172	738.3956785	765.870138	513.6013245	716.0849178	690.5218199	851.3172332	900.4332942	1206.137615	619.4530698	920.5290137	569.9739267	737.6928987	462.0643635	804.7658183	456.1020809	668.7765895	429.8648688	671.8760217	761.928941
P80188	1475.256236	1190.28847	1045.488967	1443.713713	1278.497077	1440.635796	1052.667227	766.9723256	541.4422001	1206.733355	967.2154195	714.4293031	917.6608012	912.5345442	567.2397049	1195.570386	1029.789664	1083.054491	1088.902328	1197.478093	900.5081912	984.8326503	941.6367049	776.6208361	829.7190113	631.8634323	721.2144707	791.7519721	1122.69833	911.318695
P02788	19270.5817	17521.21237	18431.37702	19232.26249	20142.86785	19957.51439	15913.81624	15420.89605	18214.59035	17212.58103	18303.13705	17754.22185	16200.39929	16516.14174	21161.6629	22693.50172	21642.18046	19253.32587	20557.79155	20106.77131	17523.56532	17707.43947	16688.38849	16201.65987	14895.24967	15367.77201	15241.28452	15396.76959	16739.33912	15630.93898
B8ZZ34	3946.580476	4572.419898	5936.420726	5757.544769	4549.530414	3370.261867	3998.713499	5632.548429	5958.028784	5587.085858	5407.239221	5572.622658	5089.262681	6207.790114	5522.938883	2837.885195	6175.429028	5299.156948	4959.527347	4746.708362	6458.731122	5639.74289	5077.143392	5633.030363	5126.664349	6171.959972	5568.784522	6170.631015	5431.132089	4872.432475
P04745;P19961;P04746	5252.220223	5637.710136	5940.872136	5648.512475	6385.166259	7021.935885	4244.641078	5031.536584	5054.299308	5254.74873	6327.130344	5669.139415	4764.683906	5051.564219	5899.833156	6734.042752	6537.948679	6404.798275	6721.911694	7193.222965	5925.839951	6635.557802	6479.556961	4712.358338	4454.793435	4778.874521	4815.141018	4828.936066	4834.402379	5141.589747
Q6S8J3	22168.0542	21509.7579	25424.48829	25800.43386	26442.06692	25254.64005	17253.78757	19422.86087	21597.30964	23853.62639	25164.80687	24945.7878	21442.17109	21803.81629	23666.09387	25217.21935	29367.50831	26813.31725	28550.68096	26605.78166	23267.29063	22192.80236	21248.02243	19032.45116	17651.63459	18728.93958	18480.18136	19430.34204	21843.09875	19970.40103
A5A3E0	79770.02428	77401.19608	91488.04986	92840.86082	95149.72764	90876.86414	62086.41683	69891.65891	77716.24423	85835.42511	90553.6064	89765.48326	77157.99017	78459.34237	85160.60388	90742.20866	105676.7017	96485.64319	102737.4118	95738.84245	83725.54134	79859.07861	76459.36128	68486.79984	63518.03846	67394.63697	66499.49977	69918.57934	78600.69728	71861.93973
sp|P59595|NCAP_CVHSA	52360.10605	49526.14768	49153.14402	49367.04355	57695.44019	61706.60503	40125.76539	41052.44024	47685.9666	47501.84889	54859.38881	54299.40719	43500.15144	44211.29241	46443.87856	60552.60541	59028.80117	58350.50913	59740.6628	58024.95468	46808.9995	48843.23389	49220.53902	40014.24941	37960.70295	38274.11054	39477.50966	39991.39041	42313.58041	45012.4873
P62937	2675.269125	2906.193461	2747.1772	3032.573688	2511.836259	2727.983464	2352.570541	2433.829508	2669.332591	2923.229159	2848.392926	2945.287385	2500.951639	2627.580631	2693.178465	2345.893438	2961.249907	3035.821223	3091.762305	2758.362541	2937.227218	2818.241817	2914.241809	2446.849718	2329.958706	2386.504319	2452.152014	2533.757784	2397.579442	2602.09104
P12273	1516.97797	1758.808483	8066.98516	3430.417656	4168.756299	1376.46583	1222.389003	3876.640076	1318.722686	1755.381867	4798.786725	3079.352248	514.9367249	17709.46374	523.3485868	2446.069575	5689.572773	8888.092956	3168.140374	2619.217403	1237.295328	2147.987021	1618.638134	2186.828213	1143.966562	722.5814596	2768.045527	469.9287497	1716.583971	1727.465768
P29508	98423.78653	91087.35595	112696.3786	104637.662	102501.4469	84347.96966	65514.04005	89223.17569	94129.61154	99608.06939	101051.0347	107028.8821	86500.50502	103344.8848	90126.21796	115917.9356	109778.706	113954.0204	101082.4319	117469.7999	101825.774	115093.7525	103344.8314	90582.8613	64620.83458	86196.61127	79069.43495	94166.63695	94492.47622	87800.60023
P11684	140.0436198	85.1042424	103.3328487	417.512843	97.31134231	565.3076887	116.1213308	85.80357326	91.96163653	90.78421474	158.433737	1296.647745	126.986244	74.50443362	45.25355026	110.1572129	366.9019619	293.7215943	273.5548157	81.8835668	446.3894716	123.3339963	138.4640808	82.12718704	322.8160287	74.22916528	164.2251152	71.39624689	305.2972209	111.0272546
Q8TDL5	2181.041173	1192.776102	1617.783369	1281.467078	2001.62501	1135.770093	1094.27649	1187.044562	1027.562909	1268.412424	1471.293106	1232.367358	814.0779354	1584.764453	711.6502791	1516.680559	1251.312452	1622.824962	1295.247994	2550.912804	991.00643	1366.521617	1327.210417	1170.55163	870.5903079	729.4705058	909.9095027	970.8520598	1301.631236	1019.223542
P02100;P69891;P69892	44694.89771	37492.87473	40213.27649	41433.67547	43704.69506	44430.34011	29853.40496	33397.37499	37838.10164	49735.12572	42993.40045	39776.92481	35455.44964	36612.55884	41334.27869	47581.70506	48293.79917	47752.30388	47224.74143	47693.82011	40185.07852	41457.89821	39705.71412	32359.7	30096.57862	31563.29523	31184.67948	32327.59583	35104.94362	35425.88575
P02461	81595.25879	82615.9601	97575.09185	100783.429	97512.84752	97613.14892	66502.20158	75503.42904	93235.11979	88657.70446	96719.80933	101056.8115	76565.59442	86941.02458	105427.6598	92547.99225	112476.6006	99588.37868	104738.5588	103031.1603	98653.53963	95803.36107	93293.87108	75369.78128	66940.66007	73658.0386	71981.49425	74521.38881	81472.64032	77362.27441
P69905	9415.66038	9914.500352	11146.09775	12160.92575	10192.77561	7462.182778	9507.670249	10331.00319	11576.78585	37634.80244	10266.38631	14673.8724	10217.35103	11135.07188	8702.917591	10297.38779	12382.31448	11313.50475	10677.79283	11859.1178	11440.35226	11517.3276	10598.9536	11175.06786	8976.898514	10158.02789	10206.73718	10678.40865	12724.75798	9059.347162
Q9HD89	9717.792861	6662.045793	8379.729641	9785.739609	16451.95911	15134.90093	10144.40869	11408.47131	11458.0825	9216.636995	9943.295526	21313.05509	10497.78242	11983.16125	14364.43825	4969.031791	10617.1842	6860.508242	10538.54233	15443.90405	23151.5884	18908.25562	16556.69423	14351.81676	12073.07445	13195.36897	12495.30395	11350.11841	10512.06445	9170.326601
P63261;P60709	10850.97272	9976.22606	10401.94134	11005.69647	14219.08439	9664.134847	10507.73353	9129.753407	9941.831941	9795.474463	10714.64111	16533.92867	11245.05283	10574.63904	11568.87471	13150.96426	13887.07895	11226.28255	12635.34515	12855.03222	11528.18356	10282.73668	8873.27627	10451.93352	10371.3743	10007.13415	11077.4334	9649.942347	14199.54881	9379.650262
Q8ND30	12288.08893	12805.7422	15780.70156	16975.46699	11981.09085	12681.3113	9923.463471	11350.82498	12559.71332	13335.27804	14902.82897	10827.06908	11608.78865	13688.12635	12382.19497	11495.93938	17087.7499	15870.44945	15149.52078	13244.26748	15157.74292	14317.73836	15768.85677	11866.00701	10186.5131	11487.41678	10502.52049	12033.4801	11994.13127	11664.75082
Q06830	855.335293	2274.211599	459.4685144	1399.514858	668.4194026	2816.542822	1607.852278	284.1049869	325.62855	859.4367905	2170.349123	996.4483612	1529.112698	331.7339157	1745.793978	1187.416232	1497.865092	2531.250651	5016.681875	783.3415674	1717.87165	407.481806	1553.689262	425.1583845	1645.194989	651.7853311	1658.045157	175.4795732	1340.00356	838.9432625
P0DOY3	100664.1457	100017.8349	105719.2588	113293.5744	119094.2483	120179.5524	77986.65292	87228.91385	89108.346	97224.72583	115138.227	115164.5045	89176.82743	93001.26875	97521.6924	137679.4781	134798.2747	126805.1336	129811.2522	126076.6844	108486.0751	115003.4048	111271.3647	81583.05061	77439.98448	80527.7553	80053.51286	86319.34309	89448.99378	92690.06949
P61626	29731.15342	24392.01644	31540.87833	31730.04273	31307.67681	28298.07829	17222.66775	24630.85521	15603.14605	21083.48222	34859.28042	27670.44873	20604.46566	25422.01135	16832.11009	31067.34427	30632.65143	30154.69543	29747.07756	30057.65779	26329.8516	27709.26853	28052.78759	21234.2441	19611.09187	19595.60138	24343.70974	21833.64079	23612.46526	21766.94759
P63267	179.6687797	151.5683668	168.3199028	447.501164	182.4111633	353.6579906	127.149688	189.9990656	85.97546342	157.9757129	162.8292048	107.9175439	127.2793736	134.755073	135.9674276	246.1624652	120.6446455	182.0409971	244.6843121	196.7827684	147.2104869	201.8900048	170.8436972	134.9440232	107.6476139	132.8204272	125.9688596	118.8086444	142.1734548	165.4697958
P06703	838.6559129	1028.798031	499.4265947	801.0236908	467.4360061	1559.229339	1005.34931	283.2204921	329.1596593	634.5643802	905.6646557	536.2352277	1009.827695	337.3612738	821.6690867	712.7462101	794.0080116	1205.46133	2105.990831	730.183996	1148.500932	413.8264859	664.2803391	422.9943654	943.2168485	449.2785105	751.1767902	233.3619676	716.8916667	723.8808974
P08603	13058.20014	11543.46243	13685.52391	13835.28134	16111.77427	15896.304	10052.36072	11282.05632	12626.9304	12780.26041	12767.01083	15038.83601	11757.42149	12549.02868	12709.97949	12493.33643	15612.43415	13082.0941	14636.30989	15941.15906	14603.67566	14228.98293	13883.54637	11442.55703	10017.26863	11260.37098	10523.45393	11425.15447	12263.56881	11437.25112
Q6P5S2	199.9612353	129.8601998	112.0213721	144.8854823	431.7284698	516.9503219	127.7718716	208.6535581	104.1996743	103.2143162	284.0810184	349.3193468	105.2262514	135.0263772	138.5771665	142.7759851	165.8238436	145.3131064	197.2670332	418.2278797	376.2461328	402.481854	472.7793783	116.6110227	144.5728422	133.4447677	146.5397206	124.3170057	114.8786921	138.8444796
P02812;P04280	59.04876071	72.69380329	81.56034954	93.54857902	167.7104368	75.32523471	58.24748902	172.3187512	113.6330222	85.83176324	311.3212153	127.855724	411.4044544	174.6982963	338.8919255	73.27037055	510.0488352	100.4745978	95.00143858	94.65975866	71.6582872	76.33582578	94.5956587	55.07466724	57.76978021	837.0758398	181.4507226	206.0108909	844.2492987	73.87208803
P08263	2816.774373	2847.193961	2924.870285	3502.279234	2552.244574	2346.505078	2130.691305	2566.379693	2532.734863	2823.073995	3073.936332	2745.497825	2666.0037	2771.257655	2257.104719	2108.760924	3315.095775	3105.362691	3099.963042	2910.40555	3498.732645	3533.054671	3166.232624	2406.924661	2215.174771	2325.267186	2372.681726	2493.485824	2453.622359	2363.785271
P06454	43045.36721	48780.52527	52386.22666	53853.99447	49603.81187	42446.84753	33412.59259	38524.15484	46559.18304	45939.90677	49981.00259	52612.9007	38967.19234	46071.91866	49696.14812	39224.35418	59588.41439	54529.38527	53301.22138	54488.79188	51590.11188	52322.7251	51729.88026	39612.58119	34896.77205	39072.62543	37462.81714	40352.75825	41086.02048	39512.64999
P04083	41508.12296	40153.0834	46606.28708	47964.07654	47954.723	48500.04664	32279.68378	38302.39349	42922.91204	41260.01483	48416.03891	48660.04324	38821.22011	42381.30253	47427.14161	34454.34344	57802.94122	54312.11779	52652.02039	54067.0756	47780.12408	47116.6294	48469.49954	37006.72862	32315.48582	36742.44685	35104.3068	38454.40193	40249.95517	37019.11545
P61978	13.02946824	114.5066309	8.418835926	23.62997775	13.12038142	76.88290476	89.01363797	6.622564398	3.805154368	13.4198839	53.66999067	42.3800426	72.84489661	3.326779058	118.3303142	5.34467576	35.09742049	94.80463889	340.0451502	5.972836592	92.36464078	5.386049549	37.10521909	7.041961306	81.47855877	1.856293412	68.57265736	4.174008753	38.15926111	21.02849398
P25311	7687.87734	8144.320482	8688.119492	9365.305596	8220.484566	8104.40777	6604.960094	7568.623879	7933.173323	8003.843626	8756.062343	8914.137513	7006.764469	8151.405412	8669.263817	6709.749499	10326.71799	9804.16376	9343.70091	9247.606992	8234.67059	8764.70305	8540.146584	7378.450865	6594.952561	7301.946824	7150.304068	7747.68549	7576.634653	6969.140264
Q01469	676.0797493	741.0449808	776.3421724	801.7441992	914.7060601	692.9683579	856.576372	792.3965325	892.8189582	779.4441437	690.7924179	740.5393962	662.3592132	670.0981625	838.1187427	693.6609917	803.9774721	735.882103	710.7774439	681.8683391	683.2723546	642.9758086	609.7695569	865.9161066	864.0143209	1013.285459	862.0404494	940.2128485	696.0088764	705.2677088
P02042	8640.645871	8254.046332	8161.257714	8019.7889	8113.128785	8712.540644	7399.117458	7017.097822	7661.108786	11055.35929	9305.045328	9874.667923	8281.972033	7681.213626	8302.265653	9632.810368	9641.40769	9675.540748	10471.26883	9554.919209	8535.500685	8852.885121	8843.445905	7338.501443	6824.747588	7120.095106	7503.190127	7262.557248	8334.806263	7884.724144
P40394	2177.76885	2202.970524	2362.9581	1970.800847	2302.246063	2591.423749	1500.507543	1720.990638	1538.833958	2004.874008	2074.60811	1907.089752	2236.974114	1892.925906	1921.960894	2514.942505	2310.721892	2446.490559	2417.399657	2620.179225	2013.01657	1906.468725	2161.16514	1633.09516	1593.926726	1605.664039	1637.983326	1808.370486	1995.649097	2057.029918
P15018	20213.92827	20347.3213	20996.20853	20443.28463	22759.47286	20146.90839	15730.20129	16898.28714	19137.17469	19205.04018	21417.93067	21154.17936	18359.60595	18155.16264	20620.81853	24848.27486	25348.45249	23032.79601	23833.41001	22562.25166	19685.38036	20363.91082	19372.02906	17064.49969	16087.96498	16749.64582	16380.10029	17153.19406	18712.23474	18201.54877
P04075	1322.890441	1552.435308	1508.541718	1170.428513	1549.652808	804.3256242	1223.63465	1461.562987	716.6068615	1149.822848	832.4985041	1281.621415	1201.306721	1151.978721	287.5046743	2125.237099	694.5966518	712.0354579	733.5189909	1007.262598	689.9848818	1097.622419	1871.100517	1312.745468	1418.488715	1023.964168	839.1937085	1586.696399	960.2191676	845.188021
P31949	232.5334882	452.8852211	92.08105919	210.928322	140.3565905	220.9432555	343.6209516	45.49800596	45.05668331	251.8674028	255.3947482	143.0975325	416.3683314	59.56720179	388.7742425	94.68208306	163.8758624	437.1224441	1237.588256	60.69823691	418.1995929	92.27742272	250.7860095	73.82780871	347.7422586	53.42142584	324.9600139	23.5600242	279.1045385	168.57136
P10599	8532.851186	7436.521758	5898.81526	7340.347331	13612.99507	17102.94803	6934.236658	5212.572576	5325.836854	6046.571005	7575.088062	5659.836859	5867.370906	4574.681104	6060.602028	16037.20161	9849.347683	9133.418392	9456.211327	8601.25049	5924.046244	7339.757462	6578.83232	4997.579184	5652.899108	4891.293757	5452.285935	4740.548464	5683.492979	9041.7022
P08670	21129.6348	18610.85391	22523.05747	21195.71923	21708.0842	18371.6148	14852.58267	17867.58149	21955.66982	20493.30645	21775.32494	22018.45252	18254.55032	19490.14935	24482.19512	24101.3999	24520.6832	24245.36965	22143.69615	25370.19344	19071.92953	20040.23314	20759.26115	18455.7812	16308.35345	17911.85563	16996.27832	18399.313	18101.07204	17970.70115
P02452	5696.792181	5591.187922	7300.102387	6540.704908	5950.866241	4050.499331	4307.436526	5471.115937	6154.57167	6316.47394	6200.151962	6765.881724	5699.390491	6507.729103	6181.616991	4483.689822	7051.077273	6625.891624	6512.554376	6694.437815	6698.19388	6172.014878	5958.259715	5732.661191	4589.016445	5725.681419	5173.576155	5774.087969	6153.906343	4853.156251
P54108	193.6642603	195.1457154	252.3142396	207.6732862	218.7545146	342.8221071	172.4005848	183.0938206	148.6935736	181.9799298	219.1243221	179.6841288	166.9542638	239.4608858	253.9611262	323.6642942	324.9418264	260.0422544	269.6083137	225.8638564	222.373686	230.4472556	211.5421976	135.1444029	228.8993947	148.5028462	146.7897938	163.1356117	157.1702749	180.7740848
P48594	20555.27814	19386.50822	23286.84147	22548.96572	22013.08503	18730.2314	14640.08527	18781.36239	21859.11327	21105.48053	21533.03887	23018.63154	18505.82637	22077.70738	21275.54406	21895.98248	24152.58096	24047.53753	21316.1296	24488.47265	21528.72299	23567.16421	21808.72932	19703.51208	14378.89515	18849.84263	17404.96539	19959.53253	19945.96374	18226.72612
P04080	405.3213621	366.9578182	180.4192587	389.4854714	326.6571919	953.9415704	568.2704336	225.0868009	214.5640725	288.9101629	338.9523041	148.5992184	283.338541	146.7631726	504.9671387	328.6496976	345.3187354	282.0969105	515.418098	275.4906134	285.9457368	552.0143582	135.1324977	352.4961813	499.8907036	241.0682199	270.9568335	184.5270305	375.4347295	311.8822598
P04406	4989.750642	5432.400556	5529.571946	5554.637463	4865.985169	4265.323118	3923.61892	4366.97509	4969.844958	5286.034551	5778.756593	5345.008343	4684.323554	4892.118785	4967.231927	4924.104578	5749.749792	5933.007986	5796.735503	5463.854337	5669.361495	5366.44397	5224.826613	4445.697063	3920.21432	4340.769368	4179.927689	4384.999165	4893.525587	4630.262082
P00558	1429.767252	1514.295178	1589.869306	1594.584689	1035.953975	820.8012964	1209.935485	1252.131114	1561.947292	1550.299485	1638.858168	1557.111868	1389.088066	1448.520891	1739.71722	1120.114601	1657.739846	1773.072451	1714.346328	1507.890564	1641.915033	1440.776562	1573.523373	1274.672227	1153.918437	1252.709679	1204.806165	1238.322315	1419.54641	1280.852909
P0CG38;P0CG39	42069.19931	42635.50975	46670.37345	51999.25571	51060.79588	44216.21575	34198.87236	38699.44138	35988.75219	41896.71093	49059.31683	50769.01327	38785.86221	42293.75953	44227.12754	46343.12114	57778.81396	51172.88753	53036.82953	48270.07789	49436.67893	48131.81762	47681.25406	32330.2521	35288.78503	36314.45103	37074.91972	38809.3682	40480.2314	37455.64415
Q9BYX7	526.4963825	508.8578154	580.9095745	527.8758742	549.2124291	613.49455	386.7886528	446.6490076	450.7595351	426.8752677	583.1496809	571.8345518	487.5480741	442.2212302	587.5553453	609.214208	627.5768033	592.9418643	601.4019006	572.9568108	502.1574308	490.6095608	567.2222329	425.0748091	446.3933761	434.0950374	438.9738233	445.3319718	452.3967615	492.7064237
