Protein	S0	S0	S0	S1	S1	S1	LogFoldChange	Zstatistic	fdr	FDRup	FDRdown
sp|P04114|APOB_HUMAN;sp|Q9ULK0|GRID1_HUMAN;sp|O75964|ATP5L_HUMAN;sp|Q7Z4Y8|AT5L2_HUMAN	21500000000.0000	17800000000.0000	23100000000.0000	20100000000.0000	19100000000.0000	24400000000.0000	0.009	0.0386	0.999037	0.239438	0.787136
sp|P01024|CO3_HUMAN	101000000000.0000	88700000000.0000	88900000000.0000	86700000000.0000	80200000000.0000	81000000000.0000	-0.119	-0.6361	0.999975	0.342576	0.698937
sp|P0C0L5|CO4B_HUMAN	2200000000.0000	2670000000.0000	3040000000.0000	1240000000.0000	1470000000.0000	1480000000.0000	-0.627	-2.8918	0.337953	0.444421	0.115344
sp|ALBU_HUMAN|;sp|Q8WY91|THAP4_HUMAN;sp|O75683|SURF6_HUMAN;sp|Q96JG6|CC132_HUMAN	250000000000.0000	394000000000.0000	263000000000.0000	232000000000.0000	160000000000.0000	199000000000.0000	-0.416	-1.6298	0.838811	0.430118	0.432252
sp|P0C0L4|CO4A_HUMAN	843000000.0000	353000000.0000	518000000.0000	313000000.0000	332000000.0000	327000000.0000	-0.483	-1.5184	0.895183	0.424613	0.466869
sp|P01023|A2MG_HUMAN	47200000000.0000	42800000000.0000	50900000000.0000	97900000000.0000	107000000000.0000	102000000000.0000	0.773	4.0112	0.000784	0.000106	0.527068
sp|P02751|FINC_HUMAN	6780000000.0000	6930000000.0000	6020000000.0000	9850000000.0000	8490000000.0000	6380000000.0000	0.207	0.8378	0.727862	0.112563	0.811296
sp|P08603|CFAH_HUMAN;sp|Q02985|FHR3_HUMAN	10500000000.0000	10900000000.0000	10100000000.0000	13900000000.0000	13700000000.0000	12300000000.0000	0.262	1.3328	0.405335	0.057592	0.784372
sp|P98160|PGBM_HUMAN	321000000.0000	233000000.0000	125000000.0000	271000000.0000	375000000.0000	312000000.0000	0.446	1.3727	0.380007	0.054222	0.780701
sp|P12111|CO6A3_HUMAN	347000000.0000	345000000.0000	406000000.0000	335000000.0000	442000000.0000	380000000.0000	0.051	0.2399	0.963322	0.205319	0.802101
sp|P01031|CO5_HUMAN	739000000.0000	802000000.0000	910000000.0000	973000000.0000	833000000.0000	740000000.0000	0.024	0.1131	0.991355	0.226815	0.793342
sp|Q9Y6R7|FCGBP_HUMAN	395000000.0000	419000000.0000	398000000.0000	1010000000.0000	1030000000.0000	666000000.0000	0.793	3.3761	0.004909	0.000701	0.575531
sp|P00450|CERU_HUMAN	22000000000.0000	20000000000.0000	15400000000.0000	21000000000.0000	22200000000.0000	22800000000.0000	0.172	0.8223	0.735561	0.114664	0.811622
sp|P02671|FIBA_HUMAN	9830000000.0000	14700000000.0000	8370000000.0000	14100000000.0000	11900000000.0000	11800000000.0000	0.156	0.6751	0.801620	0.135598	0.813354
sp|P04275|VWF_HUMAN	205000000.0000	238000000.0000	246000000.0000	268000000.0000	246000000.0000	255000000.0000	0.114	0.5711	0.842778	0.151349	0.813066
sp|TRFE_HUMAN|	1940000000.0000	5350000000.0000	6010000000.0000	511000000.0000	404000000.0000	308000000.0000	-2.315	-5.2326	0.002889	0.431838	0.000770
sp|P00747|PLMN_HUMAN	4360000000.0000	9780000000.0000	3900000000.0000	3000000000.0000	4300000000.0000	2850000000.0000	-0.495	-1.3350	0.973743	0.413095	0.524228
sp|CO5_HUMAN|;Int_P01031ups|CO5_HUMAN_UPS	317000000.0000	355000000.0000	314000000.0000	284000000.0000	256000000.0000	232000000.0000	-0.248	-1.3296	0.975471	0.412708	0.525902
sp|P02774|VTDB_HUMAN	17200000000.0000	17300000000.0000	14100000000.0000	10200000000.0000	11600000000.0000	9380000000.0000	-0.440	-2.1328	0.601769	0.443630	0.285108
sp|Q14624|ITIH4_HUMAN	6670000000.0000	6920000000.0000	5760000000.0000	4260000000.0000	5840000000.0000	4880000000.0000	-0.272	-1.2571	0.994972	0.407263	0.548161
sp|P06727|APOA4_HUMAN;sp|Q9BT92|TCHP_HUMAN;sp|Q14980|NUMA1_HUMAN;sp|Q15020|SART3_HUMAN;sp|P61129|ZC3H6_HUMAN	4550000000.0000	6560000000.0000	15800000000.0000	14300000000.0000	12200000000.0000	12900000000.0000	0.531	1.3046	0.423997	0.060067	0.786838
sp|P10643|CO7_HUMAN	3880000000.0000	3950000000.0000	3370000000.0000	13900000000.0000	11500000000.0000	9010000000.0000	1.081	4.7531	0.000069	0.000008	0.494544
sp|P20742|PZP_HUMAN	131000000.0000	172000000.0000	300000000.0000	48700000.0000	51700000.0000	34800000.0000	-1.450	-4.6617	0.008848	0.433477	0.003352
sp|P02647|APOA1_HUMAN	57200000000.0000	59800000000.0000	57800000000.0000	42700000000.0000	52500000000.0000	34400000000.0000	-0.285	-1.3196	0.978635	0.411986	0.528998
sp|P00751|CFAB_HUMAN	15600000000.0000	16800000000.0000	10900000000.0000	10000000000.0000	10900000000.0000	9320000000.0000	-0.358	-1.5334	0.887719	0.425418	0.462183
Int_P01008ups|ANT3_HUMAN_UPS	3640000000.0000	4180000000.0000	3200000000.0000	1810000000.0000	3090000000.0000	2050000000.0000	-0.478	-1.9038	0.705984	0.439459	0.349847
sp|P01009|A1AT_HUMAN	91500000000.0000	73700000000.0000	53700000000.0000	2200000000.0000	8640000000.0000	12300000000.0000	-2.465	-4.1845	0.026744	0.436058	0.009586
sp|P02675|FIBB_HUMAN	24500000000.0000	38000000000.0000	31400000000.0000	32600000000.0000	33800000000.0000	22500000000.0000	-0.056	-0.2284	0.999101	0.283361	0.759626
sp|P06681|CO2_HUMAN	1170000000.0000	1160000000.0000	876000000.0000	1160000000.0000	1020000000.0000	983000000.0000	0.005	0.0246	0.999814	0.241801	0.785891
sp|P00734|THRB_HUMAN	7530000000.0000	8440000000.0000	6820000000.0000	4380000000.0000	5850000000.0000	4600000000.0000	-0.445	-1.9538	0.683219	0.440615	0.335334
sp|P02679|FIBG_HUMAN	25600000000.0000	38700000000.0000	33500000000.0000	41100000000.0000	30900000000.0000	21300000000.0000	-0.092	-0.2983	0.999056	0.294305	0.751004
sp|P13671|CO6_HUMAN	869000000.0000	948000000.0000	669000000.0000	634000000.0000	606000000.0000	517000000.0000	-0.348	-1.4471	0.929189	0.420505	0.489202
sp|P22105|TENX_HUMAN	38200000.0000	30100000.0000	47000000.0000	111000000.0000	71900000.0000	84000000.0000	0.840	3.2260	0.007817	0.001057	0.589030
sp|P00738|HPT_HUMAN	17700000000.0000	30200000000.0000	16100000000.0000	2560000000.0000	7700000000.0000	2850000000.0000	-1.662	-3.6843	0.084558	0.439651	0.027047
sp|P43652|AFAM_HUMAN	1730000000.0000	1880000000.0000	1970000000.0000	2570000000.0000	2360000000.0000	2260000000.0000	0.253	1.4195	0.352117	0.050463	0.776148
sp|P19827|ITIH1_HUMAN	3140000000.0000	3410000000.0000	2990000000.0000	2010000000.0000	2060000000.0000	1660000000.0000	-0.497	-2.4956	0.438123	0.445533	0.195027
Int_P06396ups|GELS_HUMAN_UPS	1440000000.0000	1540000000.0000	1630000000.0000	3010000000.0000	3120000000.0000	2830000000.0000	0.661	3.2867	0.006472	0.000896	0.583544
sp|P19823|ITIH2_HUMAN	5610000000.0000	5550000000.0000	5110000000.0000	4580000000.0000	4330000000.0000	3290000000.0000	-0.298	-1.3841	0.955952	0.416484	0.508932
sp|P01011|AACT_HUMAN	39400000000.0000	38200000000.0000	26600000000.0000	24900000000.0000	49600000000.0000	35100000000.0000	0.027	0.0981	0.993417	0.229361	0.792151
sp|Q15063|POSTN_HUMAN	596000000.0000	658000000.0000	623000000.0000	150000000.0000	341000000.0000	195000000.0000	-1.054	-3.5692	0.107496	0.440534	0.033937
sp|P02790|HEMO_HUMAN	56000000000.0000	53600000000.0000	52900000000.0000	31600000000.0000	30500000000.0000	23200000000.0000	-0.645	-2.9658	0.320222	0.444134	0.102529
sp|P02649|APOE_HUMAN	4480000000.0000	2390000000.0000	2680000000.0000	5280000000.0000	6000000000.0000	4830000000.0000	0.556	2.0643	0.129207	0.016262	0.704623
sp|P09871|C1S_HUMAN	547000000.0000	637000000.0000	812000000.0000	1400000000.0000	1320000000.0000	1320000000.0000	0.730	3.3412	0.005466	0.000772	0.578646
sp|O00391|QSOX1_HUMAN	172000000.0000	149000000.0000	175000000.0000	369000000.0000	318000000.0000	313000000.0000	0.697	3.4613	0.003788	0.000553	0.568036
sp|P03952|KLKB1_HUMAN;sp|P20718|GRAH_HUMAN	666000000.0000	947000000.0000	987000000.0000	446000000.0000	397000000.0000	499000000.0000	-0.655	-2.6888	0.379405	0.445141	0.154049
sp|P24043|LAMA2_HUMAN	16900000.0000	15900000.0000	26100000.0000	46900000.0000	47900000.0000	47300000.0000	0.911	3.6569	0.002126	0.000315	0.551753
sp|P01042|KNG1_HUMAN	6510000000.0000	8730000000.0000	8180000000.0000	5880000000.0000	6270000000.0000	6460000000.0000	-0.219	-1.0706	1.000000	0.391209	0.601646
sp|P00736|C1R_HUMAN	2030000000.0000	1360000000.0000	1870000000.0000	2930000000.0000	2490000000.0000	2770000000.0000	0.450	1.7818	0.202623	0.027655	0.736004
sp|P24821|TENA_HUMAN	56800000.0000	46900000.0000	58800000.0000	39600000.0000	49600000.0000	56300000.0000	-0.109	-0.5280	1.000000	0.328047	0.717610
sp|P01871|IGHM_HUMAN	1330000000.0000	1230000000.0000	1400000000.0000	4690000000.0000	7060000000.0000	11500000000.0000	1.697	4.9616	0.000032	0.000003	0.487662
sp|P04003|C4BPA_HUMAN	2820000000.0000	3040000000.0000	3640000000.0000	2370000000.0000	2090000000.0000	2620000000.0000	-0.281	-1.3350	0.973743	0.413095	0.524228
sp|P23142|FBLN1_HUMAN	318000000.0000	332000000.0000	290000000.0000	774000000.0000	669000000.0000	761000000.0000	0.850	4.6678	0.000095	0.000011	0.497605
sp|P04196|HRG_HUMAN	4210000000.0000	5090000000.0000	3220000000.0000	2500000000.0000	3160000000.0000	2350000000.0000	-0.412	-1.7318	0.787548	0.434243	0.401059
sp|P07358|CO8B_HUMAN	1070000000.0000	1120000000.0000	793000000.0000	618000000.0000	726000000.0000	600000000.0000	-0.438	-1.9720	0.674986	0.441000	0.330098
sp|P05155|IC1_HUMAN	11800000000.0000	13200000000.0000	10100000000.0000	14100000000.0000	18700000000.0000	14300000000.0000	0.309	1.4608	0.329350	0.047313	0.771932
sp|P05156|CFAI_HUMAN	1470000000.0000	1710000000.0000	1320000000.0000	1230000000.0000	1570000000.0000	1270000000.0000	-0.108	-0.5218	1.000000	0.327186	0.718621
sp|P25311|ZA2G_HUMAN	5780000000.0000	6770000000.0000	6130000000.0000	5850000000.0000	9130000000.0000	5580000000.0000	0.086	0.3869	0.913149	0.180798	0.809056
sp|Q86VB7|C163A_HUMAN	84100000.0000	85500000.0000	139000000.0000	381000000.0000	548000000.0000	575000000.0000	1.615	6.2376	0.000000	0.000000	0.458686
sp|P02748|CO9_HUMAN	3850000000.0000	3610000000.0000	3400000000.0000	2010000000.0000	2480000000.0000	2550000000.0000	-0.435	-2.2351	0.553789	0.444663	0.257919
sp|Q15582|BGH3_HUMAN	209000000.0000	227000000.0000	185000000.0000	126000000.0000	206000000.0000	162000000.0000	-0.229	-0.9067	1.000000	0.374729	0.642802
sp|Q9NR99|MXRA5_HUMAN	25300000.0000	19700000.0000	17400000.0000	20100000.0000	25300000.0000	34400000.0000	0.236	0.8879	0.701380	0.105917	0.810051
sp|P36955|PEDF_HUMAN	1570000000.0000	1460000000.0000	1460000000.0000	2790000000.0000	3520000000.0000	2710000000.0000	0.703	3.9588	0.000905	0.000126	0.530267
sp|P05546|HEP2_HUMAN	1440000000.0000	1760000000.0000	1380000000.0000	797000000.0000	614000000.0000	669000000.0000	-0.794	-3.7668	0.071068	0.439025	0.022909
sp|K1C9_HUMAN|;sp|P35527|K1C9_HUMAN	72100000.0000	43700000.0000	25900000.0000	64000000.0000	52900000.0000	94300000.0000	0.484	1.2143	0.486863	0.068523	0.793976
sp|P01876|IGHA1_HUMAN	4260000000.0000	2860000000.0000	3440000000.0000	28000000000.0000	21000000000.0000	24400000000.0000	1.943	8.5696	0.000000	0.000000	0.433266
sp|Q12805|FBLN3_HUMAN	414000000.0000	378000000.0000	486000000.0000	1120000000.0000	953000000.0000	1200000000.0000	0.944	4.3457	0.000302	0.000034	0.510225
sp|P04264|K2C1_HUMAN	82900000.0000	120000000.0000	108000000.0000	151000000.0000	314000000.0000	288000000.0000	0.839	2.6087	0.040648	0.005030	0.646947
sp|Q08380|LG3BP_HUMAN	181000000.0000	126000000.0000	256000000.0000	335000000.0000	355000000.0000	280000000.0000	0.582	1.9787	0.149727	0.019214	0.713967
sp|P07225|PROS_HUMAN	316000000.0000	273000000.0000	388000000.0000	456000000.0000	313000000.0000	452000000.0000	0.232	0.9894	0.641676	0.093164	0.806592
sp|O75882|ATRN_HUMAN	216000000.0000	199000000.0000	212000000.0000	314000000.0000	371000000.0000	254000000.0000	0.380	1.5471	0.287188	0.041217	0.762653
sp|P19320|VCAM1_HUMAN;sp|P49454|CENPF_HUMAN	41400000.0000	35400000.0000	60200000.0000	121000000.0000	348000000.0000	143000000.0000	1.421	3.5050	0.003323	0.000488	0.564271
sp|P98088|MUC5A_HUMAN;sp|Q9HC84|MUC5B_HUMAN	11400000.0000	12000000.0000	28500000.0000	1351618.9270	5659513.9140	1624090.0480	-1.904	-3.3828	0.160649	0.441910	0.048526
sp|ANT3_HUMAN|	142000000.0000	22300000.0000	9323943.3740	88300000.0000	138000000.0000	91100000.0000	1.178	1.5601	0.281447	0.040354	0.761212
sp|K1C10_HUMAN|	20400000.0000	65300000.0000	67500000.0000	63400000.0000	135000000.0000	102000000.0000	0.729	1.5308	0.294611	0.042320	0.764445
sp|P00739|HPTR_HUMAN	39800000.0000	60400000.0000	60200000.0000	12700000.0000	17400000.0000	16800000.0000	-1.222	-4.7445	0.007313	0.433139	0.002770
sp|P02765|FETUA_HUMAN	8520000000.0000	11100000000.0000	7240000000.0000	8000000000.0000	8800000000.0000	8880000000.0000	-0.018	-0.0791	1.000000	0.259139	0.776010
sp|P29622|KAIN_HUMAN	383000000.0000	491000000.0000	496000000.0000	306000000.0000	347000000.0000	283000000.0000	-0.391	-1.8200	0.744904	0.437172	0.374563
sp|P08253|MMP2_HUMAN	143000000.0000	221000000.0000	256000000.0000	249000000.0000	323000000.0000	334000000.0000	0.400	1.5289	0.295485	0.042449	0.764653
sp|P08697|A2AP_HUMAN	1920000000.0000	2760000000.0000	1450000000.0000	1050000000.0000	1380000000.0000	1140000000.0000	-0.503	-1.9647	0.678286	0.440848	0.332195
sp|P35858|ALS_HUMAN	220000000.0000	288000000.0000	346000000.0000	87800000.0000	118000000.0000	90600000.0000	-1.044	-4.1819	0.026907	0.436075	0.009639
sp|P10909|CLUS_HUMAN	2680000000.0000	3610000000.0000	3880000000.0000	2990000000.0000	2570000000.0000	3030000000.0000	-0.151	-0.6404	0.999942	0.343134	0.698152
sp|P07357|CO8A_HUMAN	744000000.0000	712000000.0000	544000000.0000	576000000.0000	613000000.0000	445000000.0000	-0.189	-0.7739	0.998992	0.359714	0.672131
sp|O75339|CILP1_HUMAN	29800000.0000	11300000.0000	14300000.0000	35100000.0000	32700000.0000	42500000.0000	0.788	2.2283	0.094104	0.011651	0.686965
sp|P04217|A1BG_HUMAN	13400000000.0000	14900000000.0000	11100000000.0000	8730000000.0000	10100000000.0000	8380000000.0000	-0.368	-1.7857	0.761254	0.436099	0.384811
sp|P02760|AMBP_HUMAN	4450000000.0000	4000000000.0000	5700000000.0000	5360000000.0000	4250000000.0000	4120000000.0000	-0.027	-0.1205	1.000000	0.265956	0.771731
sp|P04004|VTNC_HUMAN	3470000000.0000	4230000000.0000	2840000000.0000	2360000000.0000	3180000000.0000	2790000000.0000	-0.224	-0.9880	1.000000	0.383186	0.623079
sp|P55058|PLTP_HUMAN	429000000.0000	339000000.0000	414000000.0000	478000000.0000	632000000.0000	543000000.0000	0.334	1.6713	0.238067	0.033523	0.748634
sp|P13796|PLSL_HUMAN	61500000.0000	56200000.0000	81000000.0000	71500000.0000	53600000.0000	132000000.0000	0.165	0.5219	0.861717	0.159039	0.812461
sp|P22897|MRC1_HUMAN	19200000.0000	23500000.0000	29400000.0000	67000000.0000	76500000.0000	74400000.0000	1.105	5.0641	0.000022	0.000002	0.484659
sp|P07996|TSP1_HUMAN	76100000.0000	82500000.0000	65800000.0000	42200000.0000	79700000.0000	85200000.0000	-0.142	-0.4888	1.000000	0.322554	0.723893
sp|ALBU_BOVIN|	26700000.0000	28900000.0000	12700000.0000	26600000.0000	20600000.0000	11900000.0000	-0.102	-0.2304	0.999096	0.283678	0.759388
sp|P02750|A2GL_HUMAN	5300000000.0000	7610000000.0000	4940000000.0000	2340000000.0000	4750000000.0000	3570000000.0000	-0.497	-1.5759	0.866264	0.427590	0.448943
sp|P01877|IGHA2_HUMAN	799000000.0000	398000000.0000	810000000.0000	3700000000.0000	2190000000.0000	2970000000.0000	1.521	4.4367	0.000223	0.000025	0.506451
sp|P01860|IGHG3_HUMAN	1050000000.0000	1430000000.0000	966000000.0000	7230000000.0000	3630000000.0000	4000000000.0000	1.414	4.4676	0.000200	0.000022	0.505216
sp|Q06033|ITIH3_HUMAN	685000000.0000	647000000.0000	350000000.0000	392000000.0000	498000000.0000	426000000.0000	-0.194	-0.6627	0.999591	0.346007	0.694030
sp|Q92954|PRG4_HUMAN	140000000.0000	113000000.0000	153000000.0000	377000000.0000	242000000.0000	297000000.0000	0.812	3.4167	0.004336	0.000626	0.571937
sp|Q07954|LRP1_HUMAN	5208047.9200	4216209.0990	6136569.9990	10100000.0000	13600000.0000	11100000.0000	0.833	3.5284	0.003099	0.000457	0.562282
sp|Q99715|COCA1_HUMAN	33000000.0000	10900000.0000	18700000.0000	5455904.3340	13200000.0000	9496798.9430	-0.777	-1.7324	0.787253	0.434265	0.400877
sp|Q96PD5|PGRP2_HUMAN	886000000.0000	1060000000.0000	836000000.0000	637000000.0000	613000000.0000	582000000.0000	-0.434	-2.2010	0.569892	0.444369	0.266840
sp|TRFL_HUMAN|	10600000.0000	10100000.0000	34000000.0000	11200000.0000	8179175.4120	25700000.0000	-0.166	-0.2806	0.998919	0.291561	0.753249
sp|P02749|APOH_HUMAN	7130000000.0000	9380000000.0000	9670000000.0000	5290000000.0000	5140000000.0000	5140000000.0000	-0.512	-2.6091	0.400106	0.445363	0.170447
sp|P51884|LUM_HUMAN	2290000000.0000	2210000000.0000	2010000000.0000	4740000000.0000	4530000000.0000	4400000000.0000	0.743	3.8826	0.001117	0.000159	0.535211
sp|Q14520|HABP2_HUMAN	372000000.0000	300000000.0000	283000000.0000	255000000.0000	250000000.0000	229000000.0000	-0.257	-1.1748	1.000000	0.400527	0.572607
sp|O43866|CD5L_HUMAN	127000000.0000	131000000.0000	92200000.0000	514000000.0000	1150000000.0000	1090000000.0000	2.026	5.6669	0.000002	0.000000	0.470528
sp|Q16610|ECM1_HUMAN	220000000.0000	352000000.0000	244000000.0000	442000000.0000	323000000.0000	366000000.0000	0.341	1.3817	0.374469	0.053483	0.779846
sp|P05160|F13B_HUMAN	60800000.0000	101000000.0000	102000000.0000	92700000.0000	114000000.0000	92200000.0000	0.161	0.5574	0.848076	0.153476	0.812929
sp|P00748|FA12_HUMAN	750000000.0000	578000000.0000	552000000.0000	524000000.0000	582000000.0000	411000000.0000	-0.217	-0.8690	1.000000	0.370617	0.651491
sp|P07942|LAMB1_HUMAN	6184586.9060	6645694.5490	12300000.0000	29700000.0000	41300000.0000	35700000.0000	1.477	4.5281	0.000161	0.000018	0.502851
sp|P03951|FA11_HUMAN	58500000.0000	77900000.0000	149000000.0000	60200000.0000	58600000.0000	53100000.0000	-0.427	-1.3842	0.955912	0.416491	0.508901
sp|P12109|CO6A1_HUMAN	159000000.0000	166000000.0000	106000000.0000	128000000.0000	127000000.0000	221000000.0000	0.104	0.3431	0.929278	0.188032	0.807352
sp|P26927|HGFL_HUMAN	45900000.0000	67000000.0000	39300000.0000	38400000.0000	47800000.0000	33000000.0000	-0.244	-0.9409	1.000000	0.378354	0.634671
sp|P01833|PIGR_HUMAN	38100000.0000	29900000.0000	141000000.0000	61700000.0000	73200000.0000	69900000.0000	0.253	0.5112	0.865826	0.160730	0.812287
sp|P35443|TSP4_HUMAN	25700000.0000	12800000.0000	11300000.0000	15100000.0000	6206573.8210	13300000.0000	-0.406	-1.0664	1.000000	0.390815	0.602769
sp|P04220|MUCB_HUMAN	42400000.0000	330236.6574	464551.0395	2896589.8420	348856.8972	168810.2184	-1.048	-0.4789	1.000000	0.321149	0.725440
sp|Q03591|FHR1_HUMAN	259000000.0000	151000000.0000	96300000.0000	153000000.0000	155000000.0000	135000000.0000	-0.053	-0.1553	0.999985	0.271631	0.767979
sp|HBB_HUMAN|	181000000.0000	217000000.0000	6620000000.0000	3490000000.0000	106000000.0000	234000000.0000	-0.277	-0.2118	0.999221	0.280722	0.761579
sp|P05543|THBG_HUMAN	547000000.0000	552000000.0000	394000000.0000	419000000.0000	385000000.0000	310000000.0000	-0.297	-1.3889	0.954030	0.416804	0.507432
sp|RETBP_HUMAN|	712000000.0000	787000000.0000	1120000000.0000	812000000.0000	1360000000.0000	833000000.0000	0.116	0.4237	0.899247	0.174781	0.810253
sp|P02766|TTHY_HUMAN	5380000000.0000	6580000000.0000	8400000000.0000	5540000000.0000	6960000000.0000	4480000000.0000	-0.174	-0.6779	0.999468	0.347942	0.691170
sp|P08571|CD14_HUMAN	571000000.0000	518000000.0000	683000000.0000	806000000.0000	828000000.0000	1060000000.0000	0.415	1.6050	0.262797	0.037479	0.756178
sp|P08123|CO1A2_HUMAN	77200000.0000	89700000.0000	76000000.0000	126000000.0000	279000000.0000	203000000.0000	0.865	2.7807	0.027292	0.003335	0.629962
sp|P18206|VINC_HUMAN	8053179.8760	7771039.7510	9395285.4670	4775427.6920	13700000.0000	15100000.0000	0.141	0.3570	0.924211	0.185728	0.807926
sp|P08519|APOA_HUMAN	16800000.0000	15500000.0000	44200000.0000	8287819.1680	8894471.0580	34600000.0000	-0.449	-0.7891	0.999120	0.361508	0.668955
sp|K2C1_HUMAN|	91000000.0000	94900000.0000	110000000.0000	131000000.0000	195000000.0000	235000000.0000	0.638	2.5379	0.047706	0.005923	0.654209
sp|GELS_HUMAN|	28800000.0000	33300000.0000	17300000.0000	118000000.0000	88600000.0000	72100000.0000	1.287	4.3486	0.000299	0.000034	0.510101
sp|P02763|A1AG1_HUMAN	37500000000.0000	27800000000.0000	20400000000.0000	14900000000.0000	24400000000.0000	15700000000.0000	-0.432	-1.5109	0.898884	0.424203	0.469214
sp|P01857|IGHG1_HUMAN	62400000.0000	59200000.0000	32500000.0000	104000000.0000	218000000.0000	444000000.0000	1.489	2.9553	0.017470	0.002154	0.613629
sp|P01019|ANGT_HUMAN	2590000000.0000	3590000000.0000	2790000000.0000	2010000000.0000	2890000000.0000	2250000000.0000	-0.213	-0.9419	1.000000	0.378459	0.634429
sp|P08185|CBG_HUMAN	1160000000.0000	1180000000.0000	766000000.0000	875000000.0000	978000000.0000	1060000000.0000	-0.043	-0.1754	0.999732	0.274884	0.765746
sp|P04278|SHBG_HUMAN	346000000.0000	447000000.0000	183000000.0000	225000000.0000	183000000.0000	183000000.0000	-0.438	-1.4621	0.922258	0.421408	0.484499
sp|P02538|K2C6A_HUMAN	2615475.6320	16100000.0000	9764882.5140	29900000.0000	119000000.0000	46800000.0000	1.957	3.0334	0.014017	0.001761	0.606500
sp|P04259|K2C6B_HUMAN;sp|P12035|K2C3_HUMAN	2615291.3030	16300000.0000	10400000.0000	29900000.0000	116000000.0000	45900000.0000	1.902	2.8487	0.023101	0.002820	0.623512
sp|P15144|AMPN_HUMAN	38100000.0000	14800000.0000	21500000.0000	46000000.0000	43300000.0000	42900000.0000	0.642	1.8793	0.175281	0.023171	0.724991
sp|P27169|PON1_HUMAN	745000000.0000	707000000.0000	527000000.0000	411000000.0000	364000000.0000	317000000.0000	-0.601	-2.6061	0.400962	0.445370	0.171078
sp|K22E_HUMAN|;sp|Q7Z794|K2C1B_HUMAN	91100000.0000	102000000.0000	103000000.0000	150000000.0000	283000000.0000	262000000.0000	0.816	3.1659	0.009417	0.001242	0.594475
sp|Q13822|ENPP2_HUMAN	21300000.0000	14100000.0000	14000000.0000	47500000.0000	48500000.0000	56200000.0000	1.138	4.7599	0.000067	0.000008	0.494305
sp|P02452|CO1A1_HUMAN	452000000.0000	458000000.0000	382000000.0000	726000000.0000	546000000.0000	544000000.0000	0.328	1.5960	0.266388	0.038042	0.757193
sp|Q15113|PCOC1_HUMAN	46000000.0000	65600000.0000	54700000.0000	100000000.0000	82700000.0000	100000000.0000	0.543	2.7823	0.027187	0.003322	0.629809
sp|P49747|COMP_HUMAN	217000000.0000	142000000.0000	104000000.0000	101000000.0000	71100000.0000	118000000.0000	-0.471	-1.5614	0.873633	0.426867	0.453453
sp|Q16363|LAMA4_HUMAN	1293122.7330	1959782.5520	5781134.3590	6838086.7360	8115341.7160	3002430.5200	0.818	1.4862	0.316132	0.045452	0.769260
sp|P21333|FLNA_HUMAN	461917.4750	1453566.9160	2450990.8880	333333.1235	1025268.7340	3650137.9210	-0.124	-0.1414	1.000000	0.269371	0.769495
sp|P18065|IBP2_HUMAN	111000000.0000	134000000.0000	141000000.0000	88000000.0000	193000000.0000	227000000.0000	0.190	0.4286	0.897356	0.173984	0.810397
sp|P18428|LBP_HUMAN	422000000.0000	370000000.0000	294000000.0000	151000000.0000	260000000.0000	218000000.0000	-0.543	-2.0847	0.623902	0.442980	0.298305
sp|P22792|CPN2_HUMAN	294000000.0000	215000000.0000	310000000.0000	300000000.0000	413000000.0000	292000000.0000	0.193	0.8074	0.742916	0.116703	0.811910
sp|P43251|BTD_HUMAN	61100000.0000	85600000.0000	65800000.0000	69000000.0000	74800000.0000	70400000.0000	0.033	0.1497	0.985199	0.220600	0.796117
sp|P26038|MOES_HUMAN;sp|P15311|EZRI_HUMAN;sp|P35241|RADI_HUMAN	16200000.0000	31100000.0000	32600000.0000	16800000.0000	15600000.0000	32100000.0000	-0.222	-0.6200	1.000000	0.340471	0.701847
sp|P80108|PHLD_HUMAN	60900000.0000	52400000.0000	53800000.0000	32900000.0000	43700000.0000	54200000.0000	-0.273	-1.1169	1.000000	0.395459	0.589017
sp|P12259|FA5_HUMAN	12700000.0000	9959541.4830	13900000.0000	11900000.0000	11900000.0000	560000000.0000	1.283	1.0310	0.614897	0.088223	0.804793
sp|P02461|CO3A1_HUMAN	130000000.0000	166000000.0000	107000000.0000	186000000.0000	249000000.0000	240000000.0000	0.522	2.3943	0.065834	0.008168	0.669272
sp|P15169|CBPN_HUMAN	136000000.0000	119000000.0000	156000000.0000	109000000.0000	106000000.0000	130000000.0000	-0.164	-0.7916	0.999126	0.361801	0.668428
sp|Q14515|SPRL1_HUMAN	51600000.0000	37400000.0000	35500000.0000	63500000.0000	89600000.0000	61000000.0000	0.534	2.1995	0.099803	0.012369	0.690051
sp|Q16270|IBP7_HUMAN	38400000.0000	29100000.0000	48300000.0000	89700000.0000	134000000.0000	119000000.0000	1.102	4.0401	0.000724	0.000097	0.525374
sp|P00742|FA10_HUMAN	38300000.0000	33900000.0000	18900000.0000	35500000.0000	95900000.0000	89900000.0000	0.853	2.1754	0.104729	0.012999	0.692637
sp|O00533|NCHL1_HUMAN	12200000.0000	9707439.9900	14100000.0000	24400000.0000	20400000.0000	28700000.0000	0.703	3.0997	0.011523	0.001480	0.600479
sp|P11021|GRP78_HUMAN	6149790.5070	15100000.0000	13500000.0000	4256592.6710	9773121.1710	10500000.0000	-0.377	-0.9234	1.000000	0.376512	0.638861
sp|P02042|HBD_HUMAN	14100000.0000	11100000.0000	632000000.0000	168000000.0000	15400000.0000	10600000.0000	-0.280	-0.1995	0.999435	0.278757	0.763005
sp|P00746|CFAD_HUMAN	173000000.0000	139000000.0000	336000000.0000	929000000.0000	1000000000.0000	695000000.0000	1.459	4.0878	0.000636	0.000083	0.522686
sp|P05090|APOD_HUMAN	2050000000.0000	1300000000.0000	2010000000.0000	2120000000.0000	1610000000.0000	2090000000.0000	0.096	0.3692	0.919736	0.183712	0.808404
sp|P07360|CO8G_HUMAN	658000000.0000	896000000.0000	691000000.0000	601000000.0000	794000000.0000	665000000.0000	-0.083	-0.3672	0.999809	0.304804	0.741834
sp|Q9UK55|ZPI_HUMAN	60800000.0000	67000000.0000	49200000.0000	37800000.0000	35100000.0000	51200000.0000	-0.355	-1.4892	0.909440	0.422987	0.476007
sp|Q12841|FSTL1_HUMAN	406000000.0000	262000000.0000	306000000.0000	363000000.0000	277000000.0000	319000000.0000	-0.008	-0.0330	1.000000	0.251472	0.780547
sp|P01880|IGHD_HUMAN	62100000.0000	132000000.0000	35800000.0000	387000000.0000	748000000.0000	93600000.0000	1.483	1.7882	0.200732	0.027341	0.735276
sp|P07333|CSF1R_HUMAN	64800000.0000	65000000.0000	81300000.0000	210000000.0000	294000000.0000	254000000.0000	1.263	5.4104	0.000006	0.000001	0.476087
sp|P13611|CSPG2_HUMAN	53700000.0000	52500000.0000	35900000.0000	30600000.0000	49100000.0000	62700000.0000	-0.038	-0.1159	1.000000	0.265202	0.772216
sp|Q92859|NEO1_HUMAN	6413878.0370	4064884.3240	6488897.6460	9801850.2230	6851690.5560	9154965.4840	0.434	1.6840	0.233654	0.032804	0.747182
sp|Q7Z7G0|TARSH_HUMAN	20600000.0000	19200000.0000	32600000.0000	49000000.0000	32000000.0000	69400000.0000	0.714	2.0878	0.123797	0.015520	0.702077
sp|P35555|FBN1_HUMAN	2212626.4160	2777999.2750	3994744.0510	7644800.2530	6960943.6050	6561707.1820	0.893	3.5550	0.002865	0.000423	0.560046
sp|P02652|APOA2_HUMAN	9810000000.0000	8660000000.0000	7530000000.0000	6450000000.0000	5740000000.0000	4130000000.0000	-0.470	-1.7414	0.782816	0.434590	0.398153
sp|P19652|A1AG2_HUMAN	5150000000.0000	8360000000.0000	5380000000.0000	4040000000.0000	5630000000.0000	4320000000.0000	-0.280	-1.1509	1.000000	0.398468	0.579463
sp|P01859|IGHG2_HUMAN	25400000.0000	12000000.0000	13000000.0000	48400000.0000	113000000.0000	320000000.0000	2.009	3.2874	0.006458	0.000895	0.583481
sp|HBA_HUMAN|;sp|P69905|HBA_HUMAN	118000000.0000	135000000.0000	4970000000.0000	2520000000.0000	69200000.0000	134000000.0000	-0.238	-0.1753	0.999734	0.274868	0.765757
sp|P49908|SEPP1_HUMAN	122000000.0000	105000000.0000	87400000.0000	166000000.0000	178000000.0000	159000000.0000	0.483	2.5371	0.047793	0.005934	0.654292
sp|P05362|ICAM1_HUMAN	18400000.0000	15600000.0000	14600000.0000	48700000.0000	135000000.0000	105000000.0000	1.685	4.7450	0.000071	0.000008	0.494829
sp|P13647|K2C5_HUMAN	2614914.8250	15900000.0000	7658809.2110	28800000.0000	115000000.0000	46000000.0000	2.063	3.1983	0.008520	0.001139	0.591539
sp|P36222|CH3L1_HUMAN	39200000.0000	46700000.0000	35700000.0000	82100000.0000	138000000.0000	76600000.0000	0.885	3.2632	0.006963	0.000956	0.585665
sp|P06276|CHLE_HUMAN	39900000.0000	38300000.0000	45400000.0000	35300000.0000	37800000.0000	46100000.0000	-0.023	-0.1213	1.000000	0.266088	0.771647
sp|P12955|PEPD_HUMAN	7276917.4000	7361005.6420	7487007.6520	21100000.0000	13800000.0000	20500000.0000	0.894	3.5293	0.003091	0.000456	0.562206
sp|P00740|FA9_HUMAN	54300000.0000	89300000.0000	38300000.0000	35000000.0000	66600000.0000	40700000.0000	-0.206	-0.5481	1.000000	0.330818	0.714290
sp|P05154|IPSP_HUMAN	21200000.0000	39800000.0000	30800000.0000	25900000.0000	34100000.0000	21100000.0000	-0.123	-0.4105	1.000000	0.311244	0.735707
sp|O95445|APOM_HUMAN	348000000.0000	236000000.0000	273000000.0000	130000000.0000	83700000.0000	89400000.0000	-1.042	-4.0549	0.036487	0.436934	0.012606
sp|Q9NZP8|C1RL_HUMAN	33100000.0000	30200000.0000	23400000.0000	62800000.0000	30000000.0000	30800000.0000	0.295	0.9771	0.649442	0.094657	0.807081
sp|Q9Y279|VSIG4_HUMAN	36700000.0000	50000000.0000	49500000.0000	98000000.0000	151000000.0000	200000000.0000	1.157	4.0416	0.000722	0.000096	0.525287
sp|P35442|TSP2_HUMAN	14800000.0000	12900000.0000	6382260.5240	12800000.0000	11000000.0000	14200000.0000	0.132	0.3925	0.911029	0.179879	0.809252
sp|LYSC_HUMAN|	85600000.0000	83700000.0000	452000000.0000	231000000.0000	221000000.0000	261000000.0000	0.472	0.8611	0.715762	0.109444	0.810754
sp|P09172|DOPO_HUMAN	7900295.6550	15500000.0000	8701086.7990	61600000.0000	6428423.6910	12800000.0000	0.550	0.8254	0.734025	0.114242	0.811559
sp|Q13421|MSLN_HUMAN	12500000.0000	17200000.0000	23600000.0000	21200000.0000	17200000.0000	7884675.8770	-0.218	-0.5355	1.000000	0.329084	0.716380
sp|P22891|PROZ_HUMAN	11800000.0000	10900000.0000	12400000.0000	6823747.2200	9313225.7940	8278088.4650	-0.378	-1.7875	0.760398	0.436158	0.384272
sp|P02654|APOC1_HUMAN	1130000000.0000	832000000.0000	452000000.0000	374000000.0000	392000000.0000	524000000.0000	-0.569	-1.7648	0.771397	0.435405	0.391091
sp|P41222|PTGDS_HUMAN	323000000.0000	241000000.0000	435000000.0000	1050000000.0000	1280000000.0000	953000000.0000	1.228	4.7446	0.000071	0.000008	0.494844
sp|P01591|IGJ_HUMAN	223000000.0000	97100000.0000	148000000.0000	1050000000.0000	953000000.0000	1310000000.0000	2.016	6.3530	0.000000	0.000000	0.456253
sp|P22352|GPX3_HUMAN	190000000.0000	192000000.0000	200000000.0000	508000000.0000	492000000.0000	691000000.0000	1.045	4.8957	0.000041	0.000004	0.489730
sp|P02746|C1QB_HUMAN	503000000.0000	430000000.0000	610000000.0000	1340000000.0000	1560000000.0000	1320000000.0000	0.995	4.4929	0.000183	0.000020	0.504219
sp|P01834|IGKC_HUMAN	3160000000.0000	2970000000.0000	3490000000.0000	21800000000.0000	15500000000.0000	25200000000.0000	1.865	7.6511	0.000000	0.000000	0.437391
sp|Q04756|HGFA_HUMAN	57000000.0000	76600000.0000	78400000.0000	37900000.0000	77900000.0000	58000000.0000	-0.224	-0.7289	0.998832	0.354292	0.681269
sp|P0DJI8|SAA1_HUMAN	393000000.0000	199000000.0000	108000000.0000	34400000.0000	23100000.0000	14400000.0000	-2.171	-4.2051	0.025480	0.435924	0.009176
sp|P39060|COIA1_HUMAN	16700000.0000	20400000.0000	26300000.0000	28000000.0000	39500000.0000	31100000.0000	0.418	1.4704	0.324309	0.046602	0.770929
sp|P01033|TIMP1_HUMAN	810000000.0000	712000000.0000	795000000.0000	1770000000.0000	1750000000.0000	1630000000.0000	0.796	4.4343	0.000225	0.000025	0.506548
sp|P05452|TETN_HUMAN	170000000.0000	224000000.0000	247000000.0000	612000000.0000	506000000.0000	544000000.0000	0.962	3.8525	0.001215	0.000175	0.537256
sp|P63104|1433Z_HUMAN	78800000.0000	79200000.0000	88000000.0000	29100000.0000	49300000.0000	85300000.0000	-0.487	-1.3610	0.964667	0.414917	0.516142
sp|P20908|CO5A1_HUMAN	81800000.0000	83200000.0000	52500000.0000	40600000.0000	73800000.0000	63100000.0000	-0.214	-0.6781	0.999465	0.347967	0.691132
sp|Q8IUX7|AEBP1_HUMAN;sp|Q8N436|CPXM2_HUMAN	13400000.0000	6388397.0210	4770990.1550	8598684.5320	7365656.4760	9334900.7610	0.131	0.3515	0.926229	0.186639	0.807702
sp|P07858|CATB_HUMAN	36900000.0000	23600000.0000	23600000.0000	25200000.0000	36800000.0000	52000000.0000	0.300	0.9433	0.669908	0.098835	0.808323
sp|P07602|SAP_HUMAN	8592409.1120	6910742.1740	7709605.3890	8435378.5230	17900000.0000	18000000.0000	0.597	2.0159	0.140638	0.017881	0.709891
sp|Q99784|NOE1_HUMAN	6332649.8310	4868839.4790	6324009.4720	20100000.0000	25700000.0000	20400000.0000	1.334	6.2072	0.000000	0.000000	0.459327
sp|P36980|FHR2_HUMAN	93100000.0000	75800000.0000	64800000.0000	65700000.0000	75500000.0000	49800000.0000	-0.187	-0.7009	0.999137	0.350832	0.686763
sp|Q9BXR6|FHR5_HUMAN	8943312.4150	9365873.0060	8968088.6550	1892131.4760	6241326.3640	1772724.4050	-1.191	-2.6176	0.397698	0.445343	0.168665
sp|P60174|TPIS_HUMAN	2396593.4530	7370335.4730	11600000.0000	2047580.8190	3485648.3800	6306813.2630	-0.491	-0.8355	0.999906	0.366863	0.658971
sp|P09486|SPRC_HUMAN	166000000.0000	123000000.0000	83600000.0000	66500000.0000	118000000.0000	122000000.0000	-0.176	-0.5163	1.000000	0.326420	0.719512
sp|P11047|LAMC1_HUMAN	5658116.0590	6041130.0960	10100000.0000	20200000.0000	19400000.0000	18800000.0000	1.023	3.9033	0.001054	0.000149	0.533834
sp|Q9NPY3|C1QR1_HUMAN	7981576.1980	11700000.0000	12500000.0000	16400000.0000	20700000.0000	17700000.0000	0.542	2.4082	0.063829	0.007922	0.667800
sp|Q6UY14|ATL4_HUMAN	1591363.3190	463417.9134	1341405.5620	3614427.2650	7110424.4340	5622325.9420	1.654	3.7149	0.001798	0.000265	0.547247
sp|Q96KN2|CNDP1_HUMAN	7466535.2300	11600000.0000	9981810.9550	2597910.5160	7082096.9110	6394882.1700	-0.641	-1.8003	0.754305	0.436566	0.380440
sp|ALDOA_RABIT|	54600000.0000	61200000.0000	33600000.0000	14100000.0000	112000000.0000	89500000.0000	0.054	0.0811	0.995444	0.232244	0.790765
sp|P0CG05|LAC2_HUMAN;sp|P0CG04|LAC1_HUMAN;sp|P0CG06|LAC3_HUMAN;sp|P0CF74|LAC6_HUMAN	4190000000.0000	3410000000.0000	4810000000.0000	22500000000.0000	19400000000.0000	26800000000.0000	1.708	8.0785	0.000000	0.000000	0.434924
sp|P01861|IGHG4_HUMAN	1047368.5340	1108127.4800	914499.2973	4002229.6840	2762401.1380	6056691.6590	1.369	4.5997	0.000123	0.000014	0.500127
sp|Q96IY4|CBPB2_HUMAN	80800000.0000	98200000.0000	88600000.0000	61200000.0000	84800000.0000	67600000.0000	-0.220	-0.9477	1.000000	0.379063	0.633025
sp|P80188|NGAL_HUMAN	207000000.0000	60900000.0000	249000000.0000	61700000.0000	230000000.0000	168000000.0000	-0.166	-0.2541	0.998873	0.287417	0.756531
sp|O14786|NRP1_HUMAN	9139227.3480	9834601.2660	8580494.4700	25300000.0000	34900000.0000	35700000.0000	1.259	6.0929	0.000000	0.000000	0.461723
sp|P11597|CETP_HUMAN	4096657.8470	8448680.8100	2218527.3780	1433442.9100	2417559.4990	2320450.4130	-0.737	-1.7744	0.766742	0.435728	0.388203
sp|O14791|APOL1_HUMAN	84200000.0000	63100000.0000	29000000.0000	51000000.0000	63500000.0000	30100000.0000	-0.226	-0.5059	1.000000	0.324964	0.721184
sp|P08294|SODE_HUMAN;sp|Q8IY17|PLPL6_HUMAN	25800000.0000	43000000.0000	27800000.0000	83900000.0000	98300000.0000	75800000.0000	0.992	3.8247	0.001314	0.000190	0.539192
sp|P48740|MASP1_HUMAN	22500000.0000	13700000.0000	20800000.0000	23400000.0000	14000000.0000	34800000.0000	0.187	0.5599	0.847104	0.153087	0.812956
sp|Q14767|LTBP2_HUMAN	6635716.2040	7247839.6180	6632948.1030	6463712.3730	15200000.0000	12100000.0000	0.440	1.3390	0.401309	0.057058	0.783815
sp|P14618|KPYM_HUMAN;sp|P30613|KPYR_HUMAN	6768202.5750	8059183.8280	25600000.0000	3203968.2560	6639537.9840	12000000.0000	-0.537	-0.8763	1.000000	0.371423	0.649831
sp|P22692|IBP4_HUMAN	19800000.0000	16700000.0000	36800000.0000	107000000.0000	124000000.0000	128000000.0000	1.636	5.5918	0.000002	0.000000	0.472121
sp|P08195|4F2_HUMAN	10400000.0000	2613793.1790	2814189.6970	7038622.2530	8855419.1690	6324107.5090	0.519	0.9777	0.649063	0.094584	0.807057
sp|O00468|AGRIN_HUMAN	4491318.7740	2612559.3380	3258612.5480	2043835.8030	5752063.0980	2894809.8580	-0.054	-0.1468	1.000000	0.270250	0.768908
sp|P10586|PTPRF_HUMAN;sp|P23468|PTPRD_HUMAN	3241739.2880	1761785.2200	4051945.7800	4355650.8870	3408284.1200	4256626.1890	0.350	1.0871	0.576989	0.081833	0.801995
sp|P55268|LAMB2_HUMAN	1122853.9880	1671726.8720	1917828.9610	2893549.4000	286000000.0000	3859151.0800	2.194	1.6813	0.234588	0.032956	0.747491
sp|Q9UM47|NOTC3_HUMAN	2353789.5260	3024895.7150	1968455.9290	4733382.5030	3310982.9940	2766225.9020	0.361	1.5053	0.306717	0.044089	0.767216
sp|P20851|C4BPB_HUMAN	79400000.0000	64800000.0000	81400000.0000	79200000.0000	47300000.0000	50700000.0000	-0.265	-1.1154	1.000000	0.395324	0.589433
sp|CAH1_HUMAN|	14400000.0000	6131296.1720	85900000.0000	69400000.0000	13400000.0000	19300000.0000	0.296	0.3500	0.926777	0.186887	0.807641
sp|Q6UXB8|PI16_HUMAN	28200000.0000	32400000.0000	64500000.0000	54100000.0000	53600000.0000	50300000.0000	0.313	1.0816	0.580831	0.082446	0.802288
sp|Q9HDC9|APMAP_HUMAN	10200000.0000	5602719.0240	5434031.1010	3931299.7050	3551589.5850	4467202.4550	-0.522	-1.9026	0.706533	0.439430	0.350197
sp|P12830|CADH1_HUMAN	13400000.0000	12400000.0000	17400000.0000	25900000.0000	23300000.0000	24500000.0000	0.524	2.4435	0.058991	0.007327	0.664073
sp|P00488|F13A_HUMAN	8611778.0170	23000000.0000	17500000.0000	20600000.0000	16800000.0000	17200000.0000	0.157	0.4460	0.890781	0.171164	0.810878
sp|Q6YHK3|CD109_HUMAN	3760310.0570	1402997.6560	4677667.1760	4711963.1200	4014610.3600	4803960.5670	0.412	0.8431	0.725131	0.111849	0.811179
sp|P20774|MIME_HUMAN	10300000.0000	6546802.8660	11500000.0000	31000000.0000	34700000.0000	27600000.0000	1.226	4.9985	0.000028	0.000003	0.486551
sp|Q6UWP8|SBSN_HUMAN	101472.0757	364160.3165	1225297.9750	1621478.5800	2315918.1500	1775859.1090	1.699	2.4225	0.061829	0.007676	0.666288
sp|P43121|MUC18_HUMAN	8205670.1830	10700000.0000	9958682.7340	18600000.0000	27700000.0000	24500000.0000	0.887	3.9708	0.000875	0.000121	0.529520
sp|P27918|PROP_HUMAN	46600000.0000	49200000.0000	92300000.0000	233000000.0000	290000000.0000	253000000.0000	1.448	4.7852	0.000061	0.000007	0.493424
sp|Q86UD1|OAF_HUMAN	9955373.7720	20600000.0000	14900000.0000	21300000.0000	25200000.0000	18300000.0000	0.387	1.2543	0.458560	0.064676	0.790961
sp|Q16853|AOC3_HUMAN	3681922.1090	1765984.1640	3740822.4490	18000000.0000	18300000.0000	6797209.1210	1.518	3.5449	0.002952	0.000436	0.560892
sp|B9A064|IGLL5_HUMAN;sp|P0CG04|LAC1_HUMAN;sp|P0CG06|LAC3_HUMAN;sp|P0CF74|LAC6_HUMAN	2550000000.0000	2160000000.0000	3080000000.0000	15000000000.0000	12200000000.0000	17100000000.0000	1.726	6.6557	0.000000	0.000000	0.450093
sp|P02655|APOC2_HUMAN	541000000.0000	262000000.0000	131000000.0000	343000000.0000	142000000.0000	240000000.0000	-0.140	-0.2474	0.998925	0.286364	0.757346
sp|P02743|SAMP_HUMAN	466000000.0000	449000000.0000	356000000.0000	260000000.0000	250000000.0000	246000000.0000	-0.526	-2.2537	0.544982	0.444803	0.253117
sp|P02747|C1QC_HUMAN	1050000000.0000	1030000000.0000	1570000000.0000	3270000000.0000	2740000000.0000	2580000000.0000	0.865	3.5011	0.003362	0.000494	0.564605
sp|P02792|FRIL_HUMAN	34600000.0000	24500000.0000	48700000.0000	43500000.0000	13100000.0000	14800000.0000	-0.528	-1.1102	1.000000	0.394855	0.590871
sp|P0DJI9|SAA2_HUMAN	29600000.0000	9467727.7460	26700000.0000	3432865.7490	4218283.1060	5241337.5260	-1.518	-3.6920	0.083211	0.439592	0.026635
sp|Q14118|DAG1_HUMAN	10500000.0000	10900000.0000	20000000.0000	30100000.0000	32500000.0000	28100000.0000	0.831	3.0271	0.014275	0.001790	0.607073
sp|P01767|HV306_HUMAN	29200000.0000	40600000.0000	35300000.0000	58800000.0000	49900000.0000	62200000.0000	0.514	2.4461	0.058649	0.007285	0.663799
sp|Q9Y5Y7|LYVE1_HUMAN	27500000.0000	32200000.0000	33900000.0000	117000000.0000	87900000.0000	109000000.0000	1.209	5.7064	0.000001	0.000000	0.469699
sp|P62258|1433E_HUMAN;sp|P27348|1433T_HUMAN;sp|P61981|1433G_HUMAN;sp|Q04917|1433F_HUMAN;sp|P31947|1433S_HUMAN	67100000.0000	58500000.0000	52600000.0000	16900000.0000	29800000.0000	68400000.0000	-0.579	-1.3896	0.953749	0.416850	0.507213
sp|Q12913|PTPRJ_HUMAN	2895613.7640	2572817.9300	3676951.5050	11200000.0000	11700000.0000	11200000.0000	1.328	6.2685	0.000000	0.000000	0.458034
sp|Q9NQ79|CRAC1_HUMAN	1843866.9830	2866809.7110	2954549.9610	17700000.0000	6160176.3440	8566025.4140	1.401	3.5210	0.003169	0.000467	0.562909
sp|Q6EMK4|VASN_HUMAN	58400000.0000	81100000.0000	58700000.0000	124000000.0000	145000000.0000	140000000.0000	0.729	3.4014	0.004543	0.000653	0.573287
sp|Q8WZ75|ROBO4_HUMAN	9838353.3020	16600000.0000	2674832.6180	11100000.0000	12600000.0000	12300000.0000	0.402	0.6343	0.818071	0.141691	0.813395
sp|P07998|RNAS1_HUMAN	37800000.0000	23100000.0000	47000000.0000	147000000.0000	194000000.0000	165000000.0000	1.589	5.8137	0.000001	0.000000	0.467473
sp|P07737|PROF1_HUMAN	8762198.0560	5812557.0040	29000000.0000	25800000.0000	16700000.0000	51000000.0000	0.858	1.5601	0.281447	0.040354	0.761212
sp|P24592|IBP6_HUMAN	14000000.0000	13100000.0000	25900000.0000	93800000.0000	115000000.0000	81900000.0000	1.711	4.8698	0.000045	0.000005	0.490572
sp|CATD_HUMAN|	10600000.0000	2313325.4580	1715484.3240	13800000.0000	16100000.0000	12000000.0000	1.382	2.3335	0.075258	0.009322	0.675731
sp|P55290|CAD13_HUMAN	6629711.7320	4517926.4570	9549873.6890	7639395.8300	16800000.0000	9716416.6880	0.483	1.2971	0.429056	0.060738	0.787476
sp|P11226|MBL2_HUMAN	8820208.5130	13800000.0000	9440766.4230	37000000.0000	58400000.0000	61000000.0000	1.568	5.5014	0.000004	0.000000	0.474074
sp|Q10588|BST1_HUMAN	1741285.0760	1540784.0810	1353847.2510	3561300.9190	5871870.7690	7514851.5860	1.257	4.0285	0.000748	0.000100	0.526048
sp|P01034|CYTC_HUMAN	104000000.0000	118000000.0000	333000000.0000	554000000.0000	758000000.0000	617000000.0000	1.404	2.6161	0.039973	0.004944	0.646197
sp|P04406|G3P_HUMAN	10800000.0000	29600000.0000	29100000.0000	6917752.8450	7081269.6040	12700000.0000	-0.930	-2.1339	0.601257	0.443643	0.284809
sp|Q92820|GGH_HUMAN	17800000.0000	15300000.0000	6867202.7490	3821031.5280	5907976.2480	5065959.5850	-0.929	-2.5992	0.403003	0.445386	0.172531
sp|P04180|LCAT_HUMAN	23100000.0000	12000000.0000	29400000.0000	12300000.0000	21400000.0000	15600000.0000	-0.249	-0.6881	0.999289	0.349229	0.689227
sp|P05109|S10A8_HUMAN	333000000.0000	110000000.0000	283000000.0000	33700000.0000	26200000.0000	217000000.0000	-1.271	-1.8462	0.732611	0.437936	0.366786
sp|O14498|ISLR_HUMAN	29600000.0000	26100000.0000	26400000.0000	33400000.0000	30800000.0000	45200000.0000	0.276	1.3566	0.390062	0.055564	0.782207
sp|P33151|CADH5_HUMAN	27900000.0000	27700000.0000	22400000.0000	55800000.0000	65100000.0000	76500000.0000	0.917	4.5320	0.000159	0.000018	0.502700
sp|P06702|S10A9_HUMAN	176000000.0000	57200000.0000	159000000.0000	20700000.0000	15800000.0000	91900000.0000	-1.364	-1.9568	0.681859	0.440680	0.334470
sp|P39059|COFA1_HUMAN	4308332.7170	4159774.7530	1276999.1170	7236079.1830	10600000.0000	9289503.4700	1.137	2.6553	0.036561	0.004509	0.642249
sp|P00558|PGK1_HUMAN;sp|P07205|PGK2_HUMAN	5112550.0450	13400000.0000	22900000.0000	1740480.6200	3072614.0200	7420710.8460	-1.304	-1.9729	0.674579	0.441018	0.329840
sp|P14625|ENPL_HUMAN	1665859.5810	1116245.2550	721718.1264	3481741.2600	6255659.6120	7046993.2150	1.564	3.7841	0.001475	0.000216	0.542095
sp|P54108|CRIS3_HUMAN	12100000.0000	3567825.7070	6669752.4830	30500000.0000	19300000.0000	14500000.0000	1.127	2.6801	0.034541	0.004252	0.639777
sp|P17900|SAP3_HUMAN	2476859.1830	3045327.9860	3184360.6090	14200000.0000	18000000.0000	14900000.0000	1.687	7.7599	0.000000	0.000000	0.436688
sp|Q92496|FHR4_HUMAN;sp|Q02985|FHR3_HUMAN	32900000.0000	41800000.0000	6374191.0130	9351799.3730	17900000.0000	36500000.0000	-0.163	-0.2206	0.999090	0.282123	0.760548
sp|P07359|GP1BA_HUMAN	3389947.6850	2871491.5240	6485966.4390	7843749.7490	10800000.0000	9493855.1520	0.862	2.6721	0.035182	0.004333	0.640572
sp|Q03167|TGBR3_HUMAN	2022704.6790	1510574.5410	1578993.8710	6912720.0470	11100000.0000	14700000.0000	1.814	5.9826	0.000000	0.000000	0.464004
sp|P15151|PVR_HUMAN	14200000.0000	12600000.0000	8275216.5170	14600000.0000	21100000.0000	22600000.0000	0.515	1.9911	0.146677	0.018761	0.712605
sp|P01854|IGHE_HUMAN	527875.9704	3231197.6070	443952.3344	18900000.0000	2221478.7020	2206630.4960	1.645	1.8818	0.174614	0.023064	0.724711
sp|Q9UNW1|MINP1_HUMAN	14500000.0000	5301953.5640	5056645.1760	11700000.0000	16200000.0000	17300000.0000	0.700	1.8028	0.196487	0.026636	0.733617
sp|Q9BWP8|COL11_HUMAN	1015047.8040	2981321.7940	1840433.0010	8661312.1430	7566221.4740	7929175.6220	1.523	4.2125	0.000450	0.000055	0.516265
sp|P07900|HS90A_HUMAN;sp|Q92538|GBF1_HUMAN;sp|Q14568|HS902_HUMAN;sp|Q58FF8|H90B2_HUMAN;sp|Q58FG1|HS904_HUMAN	11700000.0000	19900000.0000	23400000.0000	5318225.9390	5358407.3590	8695922.3020	-1.044	-3.2763	0.201665	0.442608	0.059251
sp|P07478|TRY2_HUMAN;sp|Q8NHM4|TRY6_HUMAN	5225957.8320	5374536.3390	3085492.1290	24600000.0000	112000000.0000	57900000.0000	2.458	4.8159	0.000055	0.000006	0.492372
sp|O94985|CSTN1_HUMAN	2964041.0340	1900197.4290	1085160.4720	4649223.7850	7063681.9980	5214117.6850	1.105	2.9717	0.016697	0.002066	0.612127
sp|Q9BYE9|CDHR2_HUMAN	468044.5019	167732.1850	105871.1824	4587697.5680	3388521.7720	5026039.3910	3.032	6.1915	0.000000	0.000000	0.459658
sp|P27487|DPP4_HUMAN	1886512.8050	3798677.1110	2844906.1320	4522557.9710	5891726.6800	5356982.1970	0.645	2.3812	0.067773	0.008405	0.670660
sp|P06733|ENOA_HUMAN	2370463.5760	21600000.0000	24100000.0000	4274602.8490	2624523.9380	13100000.0000	-0.658	-0.6178	1.000000	0.340181	0.702241
sp|Q13332|PTPRS_HUMAN	2398657.9490	1643384.8480	2575775.3000	7379661.4200	5815875.2340	4388172.7090	0.975	3.9918	0.000826	0.000113	0.528233
sp|P14780|MMP9_HUMAN	134893.7736	135383.6040	13800000.0000	12753.2630	96501.7913	3720222.5950	-1.326	-0.7757	0.999015	0.359928	0.671757
sp|Q9NY15|STAB1_HUMAN	1397957.5890	623189.5390	1255423.3380	3222539.8460	2276522.8190	2675969.9920	0.961	2.9045	0.020015	0.002451	0.618310
sp|Q12860|CNTN1_HUMAN	5122698.1980	3605154.5990	1845901.5350	7038712.3630	5384794.3340	7776827.7650	0.723	2.0458	0.133515	0.016866	0.706633
sp|Q14112|NID2_HUMAN	3924523.0490	7057067.2130	5060007.4450	4490421.5390	6640365.6660	8753093.3390	0.203	0.6987	0.791830	0.132129	0.813242
sp|Q99497|PARK7_HUMAN	834322.2698	1637206.3430	5082303.7190	2272961.6660	1034649.3390	3266359.2100	-0.034	-0.0570	1.000000	0.255473	0.778215
sp|TRYP_PIG|	6240000000.0000	4090000000.0000	3860000000.0000	5510000000.0000	7650000000.0000	6860000000.0000	0.373	1.5234	0.298023	0.042827	0.765254
sp|CRP_HUMAN|	272000000.0000	228000000.0000	310000000.0000	267000000.0000	475000000.0000	530000000.0000	0.430	1.4675	0.325826	0.046816	0.771233
sp|P01620|KV302_HUMAN;sp|P18135|KV312_HUMAN	89700000.0000	111000000.0000	87000000.0000	441000000.0000	359000000.0000	455000000.0000	1.470	6.8948	0.000000	0.000000	0.445636
sp|P35542|SAA4_HUMAN	502000000.0000	679000000.0000	113000000.0000	228000000.0000	272000000.0000	291000000.0000	-0.228	-0.3958	1.000000	0.309071	0.737819
sp|P10451|OSTP_HUMAN	78800000.0000	40400000.0000	40800000.0000	21900000.0000	29700000.0000	24200000.0000	-0.716	-2.5599	0.415337	0.445464	0.180914
sp|Q9UGM5|FETUB_HUMAN	30600000.0000	22900000.0000	22700000.0000	12900000.0000	39100000.0000	16000000.0000	-0.228	-0.5707	1.000000	0.333896	0.710475
sp|P01781|HV320_HUMAN	23200000.0000	29100000.0000	20600000.0000	118000000.0000	79700000.0000	89600000.0000	1.362	5.8857	0.000001	0.000000	0.465993
sp|P01768|HV307_HUMAN	2156740.3770	906582.4958	1279094.0830	33300000.0000	20500000.0000	39500000.0000	3.086	9.1092	0.000000	0.000000	0.432067
sp|Q9UHG3|PCYOX_HUMAN	2196461.6270	706144.7478	113516.5499	1763931.7950	3507841.6310	3128163.1110	1.569	2.0724	0.127325	0.016003	0.703745
sp|Q9HCU0|CD248_HUMAN	4416289.7070	4528208.9080	8275908.6720	6337796.0420	6928772.9580	6603637.9440	0.176	0.6616	0.807131	0.137601	0.813389
sp|P05451|REG1A_HUMAN	10400000.0000	4029014.0310	7874129.0230	17200000.0000	36300000.0000	41600000.0000	1.458	3.3185	0.005863	0.000822	0.580682
sp|Q13093|PAFA_HUMAN	2379751.5620	2693234.0770	2434156.4830	6903236.3230	14300000.0000	6622300.5970	1.237	3.7794	0.001495	0.000219	0.542437
sp|P13598|ICAM2_HUMAN	9014235.8440	4362386.2540	5975136.5400	20600000.0000	10500000.0000	12500000.0000	0.811	2.4335	0.060327	0.007492	0.665127
sp|P32119|PRDX2_HUMAN	666425.9923	3920580.4390	25900000.0000	6392586.1670	1717156.0840	2596256.8850	-0.211	-0.1932	0.999499	0.277747	0.763729
sp|Q15848|ADIPO_HUMAN	80500000.0000	88400000.0000	40100000.0000	216000000.0000	220000000.0000	436000000.0000	1.431	4.0847	0.000642	0.000084	0.522856
sp|P78324|SHPS1_HUMAN	3039930.6420	3152403.9900	5491919.8120	6977809.1320	20200000.0000	9575087.9740	1.100	2.8466	0.023222	0.002835	0.623709
sp|P09382|LEG1_HUMAN	778997.9496	1690334.9470	1909277.9890	2654049.1260	3405531.7600	5686287.6640	1.023	2.3499	0.072610	0.008997	0.673985
sp|P09960|LKHA4_HUMAN	1253749.0370	2056887.3140	1865578.1030	1112647.9420	2459834.1760	2602690.0590	0.115	0.3666	0.920688	0.184142	0.808304
sp|P29401|TKT_HUMAN	3274434.2360	2491806.5470	6504470.5610	1896639.7600	7595952.7330	13100000.0000	0.415	0.6961	0.792918	0.132509	0.813258
sp|P98095|FBLN2_HUMAN	2196153.4920	2896222.0660	5334731.1380	6190329.3880	11300000.0000	8772015.0280	0.969	2.7136	0.031969	0.003925	0.636471
sp|Q6UX71|PXDC2_HUMAN	7824730.7440	4367004.6330	3259440.9150	8009180.8690	10700000.0000	7488930.9930	0.566	1.6788	0.235455	0.033097	0.747777
sp|P62805|H4_HUMAN	1297896.9700	48500000.0000	11200000.0000	973014.6387	290053.0529	3487353.5720	-2.032	-1.7582	0.774591	0.435179	0.393079
sp|P15085|CBPA1_HUMAN	332762.9343	89313.1610	296642.7692	2042771.1480	11300000.0000	9292174.1300	3.310	5.2520	0.000011	0.000001	0.479772
sp|P17936|IBP3_HUMAN	17200000.0000	37200000.0000	40100000.0000	24000000.0000	11600000.0000	27300000.0000	-0.394	-0.9351	1.000000	0.377746	0.636066
sp|P16930|FAAA_HUMAN	2650560.3460	2114506.2020	2867101.4230	9953827.8820	11300000.0000	12000000.0000	1.471	6.8492	0.000000	0.000000	0.446445
sp|Q02818|NUCB1_HUMAN	3049323.9310	4235562.8750	3045742.8410	2861816.8800	6692455.1680	7450176.6030	0.437	1.2005	0.496643	0.069887	0.794961
sp|P06744|G6PI_HUMAN	127996.4251	1113226.4950	3097904.4440	24860.5591	0.0000	383706.5309	-2.791	-2.2490	0.547201	0.444769	0.254326
sp|P29279|CTGF_HUMAN	7309520.8020	8876683.3950	5732330.9630	14100000.0000	46200000.0000	22000000.0000	1.234	2.9240	0.019010	0.002333	0.616508
sp|P23470|PTPRG_HUMAN	1195307.2100	442569.7283	1629925.4870	2356517.4110	7072446.4830	5932366.1940	1.578	2.9284	0.018787	0.002307	0.616102
sp|P04070|PROC_HUMAN	5064120.3340	4822774.1160	2885454.5040	3627666.6850	4041851.2410	2288992.9310	-0.237	-0.7709	0.998948	0.359358	0.672752
sp|P35916|VGFR3_HUMAN	140422.0919	557706.1043	177280.0398	1601255.5130	1613485.4920	2190876.5890	2.025	4.1346	0.000560	0.000071	0.520177
sp|Q76LX8|ATS13_HUMAN	1447478.4150	3533795.5540	919911.6341	6484857.0300	954141.3726	1871597.8490	0.229	0.2957	0.945812	0.195935	0.805156
sp|P03973|SLPI_HUMAN	8793066.1630	4626855.7150	7296844.3570	24000000.0000	13800000.0000	19800000.0000	1.039	3.6209	0.002361	0.000350	0.554630
sp|Q8NBJ4|GOLM1_HUMAN	51800000.0000	30200000.0000	47300000.0000	58300000.0000	79700000.0000	49700000.0000	0.365	1.1635	0.523087	0.073641	0.797463
sp|Q15166|PON3_HUMAN	104000000.0000	54500000.0000	42400000.0000	73300000.0000	40700000.0000	42900000.0000	-0.200	-0.5698	1.000000	0.333774	0.710629
sp|P10645|CMGA_HUMAN	1583374.4650	287980.0314	678856.1583	32300000.0000	7800900.9510	8836750.7180	2.946	4.3672	0.000282	0.000032	0.509312
sp|P00338|LDHA_HUMAN	60000000.0000	64300000.0000	94600000.0000	59700000.0000	78000000.0000	109000000.0000	0.118	0.4086	0.904996	0.177243	0.809787
sp|P07195|LDHB_HUMAN;sp|P07864|LDHC_HUMAN;sp|Q9BYZ2|LDH6B_HUMAN	64300000.0000	66500000.0000	97200000.0000	60600000.0000	82500000.0000	113000000.0000	0.104	0.3735	0.918151	0.183003	0.808567
sp|P14207|FOLR2_HUMAN	2346052.9980	2137480.8850	1693074.3220	11900000.0000	7801078.1120	12800000.0000	1.653	6.4858	0.000000	0.000000	0.453495
sp|Q9HCB6|SPON1_HUMAN	5948171.6830	11500000.0000	13300000.0000	10500000.0000	9885437.7390	10500000.0000	0.048	0.1578	0.983659	0.219225	0.796705
sp|P05164|PERM_HUMAN	2556734.8710	4516855.6970	6208247.8520	1115727.6190	448185.1645	6443146.3830	-1.060	-0.9317	1.000000	0.377389	0.636881
sp|A1L4H1|SRCRL_HUMAN	692878.6053	2471992.3930	1667042.5470	1685027.8600	4873814.0990	1467377.0770	0.502	0.8663	0.713046	0.108755	0.810624
sp|P11717|MPRI_HUMAN	692647.2805	183773.7138	651262.9245	1100986.1210	3142004.5570	907209.1889	1.241	2.1344	0.113449	0.014133	0.697047
sp|Q96S96|PEBP4_HUMAN	2769177.8510	93598.0172	12800000.0000	23100000.0000	42200000.0000	30900000.0000	2.817	2.2780	0.084807	0.010495	0.681650
sp|P17813|EGLN_HUMAN	1460866.2990	1463682.1070	1319753.1760	4081660.3290	4162173.7080	4693375.2080	1.107	5.9258	0.000000	0.000000	0.465170
sp|P02794|FRIH_HUMAN	3760103.9270	2263269.8610	7278912.3120	4845022.7640	1952866.1070	4499663.8690	-0.127	-0.2818	0.998907	0.291747	0.753098
sp|P07237|PDIA1_HUMAN	251998.1067	1834081.7300	1272527.3720	1053315.9340	411006.4176	969681.1795	-0.196	-0.2842	0.998882	0.292120	0.752795
sp|P05121|PAI1_HUMAN	4540878.6410	9229202.8010	2322043.0500	1449004.3720	3102020.6700	4403620.8400	-0.501	-0.9167	1.000000	0.375799	0.640449
sp|Q13308|PTK7_HUMAN	1920170.8490	2763493.8230	2584338.7720	2232076.3660	3012072.3920	1718969.5370	-0.041	-0.1582	0.999968	0.272102	0.767660
sp|P09619|PGFRB_HUMAN	139791.8756	386279.5657	183164.9574	859169.2451	1343635.9990	543876.3810	1.377	3.0882	0.011928	0.001526	0.601522
sp|O95428|PPN_HUMAN	153166.3988	86522.6944	177098.3831	703593.9248	365854.3166	475294.3737	1.328	3.8428	0.001249	0.000180	0.537927
sp|P13591|NCAM1_HUMAN	3687827.5350	5632691.8550	4829488.1460	4947176.3530	13800000.0000	11100000.0000	0.657	1.6331	0.251925	0.035761	0.752992
sp|Q9UJJ9|GNPTG_HUMAN	5568549.3520	7422085.1030	5858408.0510	11500000.0000	13400000.0000	13000000.0000	0.707	3.4218	0.004269	0.000617	0.571489
sp|Q9NZK5|CECR1_HUMAN	1033864.4760	364575.9293	646044.6874	4348930.6220	7767715.1920	3374771.9900	2.024	5.1640	0.000015	0.000002	0.481972
sp|P04075|ALDOA_HUMAN	3048079.7180	6808500.4900	8771538.6080	1843882.5420	3491994.5940	4446522.8610	-0.596	-1.3290	0.975663	0.412665	0.526088
sp|Q14126|DSG2_HUMAN	2826674.3090	2682073.6340	2264350.4220	7093727.9810	9910855.0650	9147230.6480	1.207	5.4711	0.000004	0.000000	0.474738
sp|Q13740|CD166_HUMAN	2083708.7570	1738718.8640	1352897.2680	4535504.2820	7626233.2240	4659785.1490	1.151	3.9828	0.000847	0.000116	0.528781
sp|P11142|HSP7C_HUMAN;sp|P34931|HS71L_HUMAN	3437622.8790	2294081.8030	4237501.4550	854540.5335	1417040.4670	927886.2455	-1.112	-3.4479	0.139377	0.441446	0.042880
sp|Q7Z7M0|MEGF8_HUMAN	527167.2915	1456914.1040	1479367.5660	4409579.5690	3917104.9400	3313977.8880	1.297	3.5448	0.002953	0.000436	0.560900
sp|O43707|ACTN4_HUMAN;sp|Q9H254|SPTN4_HUMAN	790469.0911	4152067.6590	2586534.4740	192918.8489	159415.4809	559346.8883	-2.084	-3.1437	0.258102	0.443345	0.075505
sp|P01621|KV303_HUMAN;sp|P18135|KV312_HUMAN	13800000.0000	10000000.0000	6334801.7080	79700000.0000	75600000.0000	84200000.0000	2.130	6.8014	0.000000	0.000000	0.447318
sp|P04211|LV001_HUMAN	33500000.0000	29200000.0000	34400000.0000	72500000.0000	304000000.0000	130000000.0000	1.464	3.4121	0.004397	0.000634	0.572343
sp|A0M8Q6|LAC7_HUMAN;sp|P0CG04|LAC1_HUMAN;sp|P0CG06|LAC3_HUMAN;sp|P0CF74|LAC6_HUMAN	3070000000.0000	2320000000.0000	3150000000.0000	14500000000.0000	12600000000.0000	18000000000.0000	1.682	6.9590	0.000000	0.000000	0.444545
sp|B2MG_HUMAN|	975000000.0000	487000000.0000	530000000.0000	2110000000.0000	3590000000.0000	2230000000.0000	1.403	4.2809	0.000369	0.000043	0.513073
sp|P02656|APOC3_HUMAN	866000000.0000	564000000.0000	1480000000.0000	663000000.0000	496000000.0000	969000000.0000	-0.261	-0.7131	0.999074	0.352348	0.684387
sp|P69891|HBG1_HUMAN	10600000.0000	5751045.4100	612000000.0000	146000000.0000	4942784.7060	7188478.6310	-0.660	-0.4724	1.000000	0.320222	0.726448
sp|P01700|LV102_HUMAN;sp|P04208|LV106_HUMAN	23700000.0000	19200000.0000	28700000.0000	150000000.0000	125000000.0000	259000000.0000	1.974	5.6746	0.000002	0.000000	0.470366
sp|P80748|LV302_HUMAN	99000000.0000	118000000.0000	61200000.0000	614000000.0000	561000000.0000	825000000.0000	1.992	7.0791	0.000000	0.000000	0.442697
sp|P13797|PLST_HUMAN	24564.3877	244121.2669	44896.3503	0.0000	110067.2147	68055.4275	-0.335	-0.3314	0.999343	0.299386	0.746686
sp|Q14651|PLSI_HUMAN	0.0000	0.0000	128391.2163	68.2456	0.0000	0.0000	-4.103	-1.0244	1.000000	0.386792	0.613808
sp|P59665|DEF1_HUMAN	139000000.0000	70800000.0000	271000000.0000	55400000.0000	36300000.0000	203000000.0000	-0.635	-1.0208	1.000000	0.386440	0.614737
sp|P07585|PGS2_HUMAN	3096269.7020	6471343.6770	4563198.6950	11700000.0000	16200000.0000	9328760.8810	0.981	3.1073	0.011262	0.001451	0.599789
sp|P05997|CO5A2_HUMAN	7888976.3470	9995787.1910	5464783.9360	3588493.5510	7786896.6810	6009602.8780	-0.317	-0.7119	0.999085	0.352199	0.684622
sp|Q13790|APOF_HUMAN	117000000.0000	116000000.0000	138000000.0000	38300000.0000	36500000.0000	40400000.0000	-1.153	-6.1621	0.000042	0.430692	0.000031
sp|Q9NRN5|OLFL3_HUMAN	1786804.5440	4201206.4170	2507405.5130	1828311.9110	2869965.2890	3414583.5980	-0.028	-0.0817	1.000000	0.259569	0.775747
sp|P01625|KV402_HUMAN;sp|P06312|KV401_HUMAN	35200000.0000	54700000.0000	34700000.0000	105000000.0000	93700000.0000	184000000.0000	1.099	3.6542	0.002143	0.000317	0.551966
sp|PPIA_HUMAN|;sp|Q9Y536|PAL4A_HUMAN	1229391.3230	8510412.3240	6511485.6790	4292185.5740	3786658.8720	6945386.5430	0.215	0.3389	0.930787	0.188729	0.807172
sp|P11362|FGFR1_HUMAN	6828868.7780	6336818.9750	7222334.4190	12200000.0000	14200000.0000	10400000.0000	0.595	2.7912	0.026609	0.003251	0.628957
sp|P05062|ALDOB_HUMAN	958296.2308	1216310.9530	1681491.4880	5003695.0400	6075834.4780	6880265.0610	1.541	6.2229	0.000000	0.000000	0.458996
sp|P16070|CD44_HUMAN	28100000.0000	21400000.0000	15600000.0000	44400000.0000	35700000.0000	27900000.0000	0.539	1.9363	0.160396	0.020829	0.718644
sp|P15259|PGAM2_HUMAN	7753646.2550	3834267.0670	2978741.3780	1433973.1250	614665.0306	2313451.0580	-1.251	-2.6093	0.400049	0.445363	0.170405
sp|Q9Y4L1|HYOU1_HUMAN;sp|Q9BXT5|TEX15_HUMAN	4003371.7450	5390658.2090	4875223.8880	9322454.2990	11300000.0000	11500000.0000	0.817	3.6140	0.002409	0.000357	0.555188
sp|P08107|HSP71_HUMAN;sp|P17066|HSP76_HUMAN	3580061.2120	2247508.0980	1770865.2400	729998.3317	417342.6317	499051.0883	-1.471	-4.6571	0.008944	0.433497	0.003387
sp|P00533|EGFR_HUMAN	676676.3588	646668.9191	437029.0448	1771838.9840	1774552.7290	1644773.6250	1.103	4.5862	0.000130	0.000014	0.500635
sp|Q06828|FMOD_HUMAN	1818946.5520	807998.1516	3297698.5420	1765142.1460	5071841.9240	2706945.4710	0.470	0.9638	0.657528	0.096288	0.807586
sp|P13987|CD59_HUMAN	1449949.2140	1015850.5050	1554337.3660	7059476.9390	2601286.2960	7763705.0780	1.401	3.7256	0.001743	0.000257	0.546434
sp|P04746|AMYP_HUMAN	22760.7272	18240.3879	38222.6061	359632.9960	604246.8146	286260.1306	2.735	7.4270	0.000000	0.000000	0.438982
sp|O95479|G6PE_HUMAN	7565138.3490	3825983.6140	2744646.1420	1401653.7910	2715461.8940	685997.5098	-1.131	-2.4503	0.456060	0.445529	0.205287
sp|Q9UBG0|MRC2_HUMAN	1513593.1730	425386.9741	954061.3359	2391874.1490	3907399.9260	3208216.3140	1.268	2.6345	0.038337	0.004736	0.644337
sp|Q92626|PXDN_HUMAN	2369030.3130	1269225.3420	1457381.0080	425153.9768	987101.6809	712999.3658	-0.898	-2.5748	0.410506	0.445437	0.177715
sp|Q86YZ3|HORN_HUMAN	1241418.4210	348478.7678	88400.0933	222494.5554	718612.8376	964257.3351	0.460	0.4912	0.873467	0.163907	0.811919
sp|P21810|PGS1_HUMAN	531358.9138	577761.2145	434368.1500	908418.4467	1021311.0200	1150811.7980	0.665	2.7712	0.027918	0.003414	0.630875
sp|O15031|PLXB2_HUMAN	43553.8426	286892.9951	36715.9061	1107086.1700	1069712.5620	1534379.5910	2.711	4.3083	0.000339	0.000039	0.511850
sp|Q99542|MMP19_HUMAN	309663.9477	219691.5017	841804.8317	1588629.8380	192144.4085	1947009.1870	0.795	0.9709	0.653244	0.095415	0.807319
sp|Q16627|CCL14_HUMAN	2923664.0900	4942981.8180	7564222.5220	17200000.0000	27000000.0000	17700000.0000	1.437	4.0101	0.000786	0.000107	0.527133
sp|Q9UBR2|CATZ_HUMAN	3352514.9690	2013745.6470	2099540.8310	8535618.5180	13100000.0000	17300000.0000	1.645	5.4170	0.000006	0.000001	0.475939
sp|P01619|KV301_HUMAN	5591540.0940	4102552.6700	3738287.2830	34600000.0000	25400000.0000	28000000.0000	1.890	8.6637	0.000000	0.000000	0.433015
sp|IGF2_HUMAN|;sp|Q99996|AKAP9_HUMAN;sp|P30533|AMRP_HUMAN	33300000.0000	28600000.0000	29600000.0000	56700000.0000	39300000.0000	39700000.0000	0.377	1.6175	0.257862	0.036707	0.754763
sp|Q9UGM3|DMBT1_HUMAN	21800000.0000	2417052.2000	1270390.5550	959708.1615	444457.6168	965792.7655	-1.702	-2.2455	0.548856	0.444743	0.255228
sp|Q9UNN8|EPCR_HUMAN	10900000.0000	10200000.0000	19700000.0000	32500000.0000	40000000.0000	31200000.0000	0.976	3.0918	0.011800	0.001512	0.601196
sp|P15086|CBPB1_HUMAN	978024.9119	404808.7147	519303.7594	985340.1538	10300000.0000	5667161.4800	1.873	2.7797	0.027358	0.003344	0.630058
sp|P37837|TALDO_HUMAN	2601290.0600	3353283.4530	5918878.1260	2376993.6230	1990885.0640	6124767.8710	-0.211	-0.4172	1.000000	0.312228	0.734733
sp|Q8N2S1|LTBP4_HUMAN	628164.9039	1196612.4350	1501905.2660	3358358.7070	3224285.1620	1587858.1350	0.877	2.2369	0.092451	0.011444	0.686044
sp|Q9BTY2|FUCO2_HUMAN	1096194.6930	734116.6991	2750324.0850	1453608.0400	3424701.2480	2447569.4150	0.555	1.1341	0.544031	0.076723	0.799307
sp|Q9UBP4|DKK3_HUMAN	33100000.0000	27700000.0000	16600000.0000	56200000.0000	37300000.0000	42700000.0000	0.615	1.4652	0.327033	0.046986	0.771474
sp|GSTP1_HUMAN|	447571.2550	11800000.0000	4411731.2740	3561986.6200	1079883.2490	2762718.7820	-0.316	-0.3591	0.999641	0.303585	0.742949
sp|PRDX1_HUMAN|	1559761.0830	2721355.4410	5095857.0760	941800.8049	951608.4022	1483138.9510	-0.941	-2.3177	0.514846	0.445184	0.236951
sp|Q76M96|CCD80_HUMAN	1839871.5930	2065842.0100	1299073.8950	472257.4922	65406.8955	528993.5163	-1.871	-2.4714	0.447514	0.445537	0.200475
sp|Q92743|HTRA1_HUMAN	1415578.0690	833444.1781	592223.0492	812187.2019	554897.5397	959860.1636	-0.199	-0.5947	1.000000	0.337121	0.706328
sp|P06331|HV209_HUMAN;sp|P01825|HV207_HUMAN	55300000.0000	30100000.0000	44000000.0000	347000000.0000	216000000.0000	383000000.0000	1.994	6.8714	0.000000	0.000000	0.446048
sp|P28799|GRN_HUMAN	1944256.7830	545026.1253	1216178.9530	3496541.5510	2179336.1820	3290997.3610	0.986	2.3170	0.078003	0.009658	0.677489
sp|P04206|KV307_HUMAN;sp|P18135|KV312_HUMAN;sp|P18136|KV313_HUMAN	75000000.0000	102000000.0000	75700000.0000	398000000.0000	290000000.0000	389000000.0000	1.426	6.7258	0.000000	0.000000	0.448739
sp|Q92520|FAM3C_HUMAN	3868116.2360	2409521.1490	4296476.5790	12000000.0000	9946763.1380	8510863.8900	1.100	3.8426	0.001250	0.000180	0.537941
sp|P18669|PGAM1_HUMAN;sp|Q8N0Y7|PGAM4_HUMAN	8072771.8600	4915729.0690	3940131.4460	1343850.0430	873706.7778	2561574.1850	-1.325	-3.3389	0.176704	0.442208	0.052711
sp|Q14315|FLNC_HUMAN	504069.1201	831104.2552	745953.4759	870775.0202	624941.7961	290597.0373	-0.236	-0.6742	0.999513	0.347472	0.691870
sp|P31946|1433B_HUMAN;sp|P27348|1433T_HUMAN;sp|P61981|1433G_HUMAN;sp|Q04917|1433F_HUMAN	44900000.0000	36900000.0000	37200000.0000	9212212.9890	19400000.0000	54300000.0000	-0.602	-1.1122	1.000000	0.395036	0.590319
sp|P19801|AOC1_HUMAN	984709.9297	446196.9304	3081093.7140	442201.5973	351342.7245	103902.9009	-1.515	-2.1422	0.597395	0.443744	0.282558
sp|Q13228|SBP1_HUMAN	1523109.2400	304246.9559	1017201.9450	1581853.4390	712713.1679	1814659.1480	0.454	0.7822	0.754872	0.120194	0.812338
sp|Q7Z5L7|PODN_HUMAN	1381120.9830	201330.4853	376641.6973	667498.9633	625953.3169	1034365.2760	0.503	0.7124	0.786016	0.130133	0.813148
sp|Q86WI1|PKHL1_HUMAN	6722.0020	498312.1025	1215779.5060	1307333.7920	223787.8896	840358.7980	1.338	0.9767	0.649695	0.094706	0.807096
sp|P16035|TIMP2_HUMAN	4473089.4170	188314.6838	1509310.7910	7508136.2320	6399801.9880	4372575.8880	1.634	1.9234	0.163710	0.021342	0.720074
sp|P20023|CR2_HUMAN	265834.6727	118378.5801	263419.3329	1344672.0010	1554120.9540	909895.8216	1.774	4.8636	0.000046	0.000005	0.490776
sp|P49746|TSP3_HUMAN	485847.2554	260736.7470	925945.6281	67290.5491	351405.1172	477379.3174	-0.791	-1.0052	1.000000	0.384904	0.618732
sp|P49788|TIG1_HUMAN	692885.2763	512180.6406	1831101.6420	3070262.1150	3375970.9500	2166856.3360	1.197	3.0652	0.012771	0.001621	0.603610
sp|P55285|CADH6_HUMAN	162785.0965	526102.3541	268113.3087	2078378.9640	5975409.3740	2913219.6200	2.404	4.7312	0.000075	0.000008	0.495318
sp|Q01995|TAGL_HUMAN	544740.4375	196133.2495	210384.8568	2808253.4380	6707542.7660	6388856.8240	2.800	6.6289	0.000000	0.000000	0.450619
sp|P69892|HBG2_HUMAN;sp|P02100|HBE_HUMAN	10600000.0000	5748966.8940	611000000.0000	146000000.0000	5213199.7360	8086765.1290	-0.615	-0.4191	1.000000	0.312507	0.734455
sp|Q13508|NAR3_HUMAN	436326.5126	181765.2673	749629.7109	1451523.2900	5270205.7290	2715174.6740	1.985	3.2641	0.006943	0.000953	0.585584
sp|P30740|ILEU_HUMAN	585099.2239	1538612.1170	2361630.4090	932892.5350	1223528.7620	3052031.5820	0.157	0.3128	0.939983	0.193076	0.805991
sp|Q6UVK1|CSPG4_HUMAN	1339402.4720	830669.0859	1019065.6570	617794.6102	564548.1983	1157649.1240	-0.317	-0.9919	1.000000	0.383577	0.622099
sp|P54289|CA2D1_HUMAN	172908.9326	130291.1878	257851.0556	836643.6262	1326384.0600	604621.3235	1.598	4.6471	0.000103	0.000012	0.498365
sp|O15204|ADEC1_HUMAN	202466.9838	497799.5437	399285.3983	1571175.1950	1540491.9330	780983.8942	1.269	3.2680	0.006860	0.000943	0.585232
Int_P02741ups|CRP_HUMAN_UPS	5263892.1980	6534.5981	58278.1803	725171.2830	273694.1278	228992.4795	0.977	0.4931	0.872729	0.163604	0.811956
sp|P04207|KV308_HUMAN	43384.3613	137047.6694	0.0000	1078539.7260	763878.4903	1883858.7250	2.975	4.9235	0.000037	0.000004	0.488845
sp|P04434|KV310_HUMAN	4879150.3760	1470352.4310	1503412.9960	14900000.0000	9347876.1820	16500000.0000	1.816	3.9492	0.000929	0.000129	0.530871
sp|P01605|KV113_HUMAN	108856.3781	243657.4902	157846.8683	53242.0188	9540.0325	2112779.3840	-0.349	-0.2319	0.999090	0.283916	0.759209
sp|P06889|LV405_HUMAN	16200000.0000	15100000.0000	9172344.9480	146000000.0000	110000000.0000	124000000.0000	2.242	7.8253	0.000000	0.000000	0.436284
sp|P01701|LV103_HUMAN;sp|P06888|LV109_HUMAN;sp|P01702|LV104_HUMAN	39400000.0000	22200000.0000	16600000.0000	272000000.0000	171000000.0000	132000000.0000	2.000	5.3423	0.000008	0.000001	0.477637
sp|Q12884|SEPR_HUMAN	115392.4790	53730.1153	18912.9622	27256.1778	374929.7862	26731.5405	0.267	0.2412	0.962943	0.205099	0.802178
sp|P01703|LV105_HUMAN	19200000.0000	967686.8355	721446.1043	45900000.0000	12100000.0000	59700000.0000	2.550	2.0663	0.128744	0.016197	0.704406
sp|P01617|KV204_HUMAN	12000000.0000	22600000.0000	20800000.0000	55600000.0000	36100000.0000	51500000.0000	0.970	3.3051	0.006113	0.000852	0.581887
sp|P06310|KV206_HUMAN	396.9570	1532.6724	2465.7807	111917.0255	132710.2547	7806.4094	3.767	3.6771	0.002005	0.000297	0.550165
sp|P01614|KV201_HUMAN	18392.7168	0.0000	0.0000	0.0000	0.0000	1491167.2620	1.714	0.8115	0.740897	0.116140	0.811833
sp|P02745|C1QA_HUMAN	59400000.0000	40500000.0000	42300000.0000	177000000.0000	144000000.0000	28400000.0000	0.692	1.1443	0.536868	0.075644	0.798682
sp|P01766|HV305_HUMAN	73100000.0000	60700000.0000	69700000.0000	351000000.0000	241000000.0000	343000000.0000	1.518	7.0203	0.000000	0.000000	0.443567
sp|P13473|LAMP2_HUMAN	6264318.0820	1452759.8150	3189862.8730	5747829.2630	7354252.6060	5900003.6720	0.717	1.6093	0.261092	0.037212	0.755692
sp|P11684|UTER_HUMAN	6705054.6110	6072690.2620	26200000.0000	26800000.0000	58700000.0000	38400000.0000	1.344	2.6751	0.034940	0.004303	0.640273
sp|P40189|IL6RB_HUMAN	130829.4287	0.0000	183.0535	1440431.8520	849691.5518	743265.3692	6.383	3.2946	0.006314	0.000877	0.582832
sp|P01743|HV102_HUMAN	23200000.0000	12100000.0000	16100000.0000	111000000.0000	64800000.0000	96900000.0000	1.679	5.2610	0.000011	0.000001	0.479554
sp|P31949|S10AB_HUMAN	1389778.8620	1342579.2060	2205214.8370	379455.1953	459944.1092	954067.9730	-1.062	-3.1190	0.268244	0.443467	0.078905
sp|P14543|NID1_HUMAN	1232316.9040	1948590.8890	1791748.2660	1913985.7250	2287104.4870	3534801.7610	0.420	1.4275	0.347599	0.049840	0.775345
sp|P35590|TIE1_HUMAN	1069667.8100	1364523.5130	372245.5911	1085373.5530	1807187.8830	2577970.0250	0.703	1.4768	0.320979	0.046134	0.770256
sp|Q15904|VAS1_HUMAN	700671.7176	326546.2891	704535.7819	825027.9643	914966.3296	1454644.9830	0.656	1.9317	0.161579	0.021011	0.719154
sp|P28827|PTPRM_HUMAN	204208.7205	97923.7331	20587.8083	1410765.7140	1650192.9930	1407591.0550	2.982	3.8853	0.001109	0.000158	0.535030
sp|P30530|UFO_HUMAN	1264503.3950	241689.2988	595439.3292	4955589.8820	6397033.2750	8292405.0940	2.433	4.0420	0.000721	0.000096	0.525264
sp|P01714|LV301_HUMAN	16100000.0000	15800000.0000	15700000.0000	148000000.0000	121000000.0000	142000000.0000	2.157	11.2627	0.000000	0.000000	0.431236
sp|P60900|PSA6_HUMAN	1112339.9300	1429982.1220	1133410.3160	304723.3435	315008.7364	359974.4780	-1.337	-6.2176	0.000033	0.430580	0.000027
sp|P01593|KV101_HUMAN	328000000.0000	258000000.0000	235000000.0000	1510000000.0000	1120000000.0000	1470000000.0000	1.620	6.9564	0.000000	0.000000	0.444588
sp|P01613|KV121_HUMAN	21300000.0000	14800000.0000	25100000.0000	182000000.0000	111000000.0000	137000000.0000	1.948	6.9661	0.000000	0.000000	0.444428
sp|P01597|KV105_HUMAN	323000000.0000	254000000.0000	230000000.0000	1440000000.0000	1070000000.0000	1410000000.0000	1.558	7.1910	0.000000	0.000000	0.441245
sp|P01606|KV114_HUMAN	323000000.0000	254000000.0000	230000000.0000	1440000000.0000	1070000000.0000	1410000000.0000	1.582	6.5010	0.000000	0.000000	0.453184
sp|Q9H6X2|ANTR1_HUMAN	430341.0333	529208.2610	1920.7115	81820.4851	393043.5261	520773.4424	1.250	0.7373	0.775258	0.126543	0.812922
sp|Q9BQE3|TBA1C_HUMAN	295548.2966	218707.8652	326063.1288	28697.6150	111896.9341	71980.3738	-1.498	-2.6679	0.384388	0.445205	0.158285
sp|Q8NBP7|PCSK9_HUMAN	159200.1615	318009.5602	299613.0481	223539.5558	1751565.9950	56106.3359	0.136	0.1455	0.985973	0.221313	0.795808
sp|P25786|PSA1_HUMAN	21000000.0000	32400000.0000	12700000.0000	16200000.0000	57800000.0000	23700000.0000	0.275	0.5709	0.842854	0.151380	0.813064
sp|P01598|KV106_HUMAN	7519115.8560	4206394.0030	2398742.1020	61000000.0000	37700000.0000	52300000.0000	2.448	5.8560	0.000001	0.000000	0.466602
sp|P02786|TFR1_HUMAN	861458.3708	1854537.5400	1017792.2330	1886129.0220	1431689.6610	2286216.3900	0.450	1.4583	0.330671	0.047499	0.772192
sp|P01772|HV311_HUMAN	9840140.3940	7228044.9010	7911128.3180	83900000.0000	70300000.0000	157000000.0000	2.480	8.0296	0.000000	0.000000	0.435155
sp|P00352|AL1A1_HUMAN	692624.4889	279522.4404	270185.1624	236526.2744	798214.3294	217807.2730	-0.071	-0.1427	1.000000	0.269583	0.769354
sp|Q06141|REG3A_HUMAN	9506073.7750	11400000.0000	6471707.1900	30000000.0000	240000000.0000	44300000.0000	2.019	3.1501	0.009886	0.001295	0.595908
sp|O95967|FBLN4_HUMAN	204825.9704	851953.4523	867576.8688	606652.4215	429328.8485	14366.1099	-1.133	-0.7354	0.998889	0.355085	0.679973
sp|Q07075|AMPE_HUMAN	94756.3609	82238.9661	101827.6248	547157.5960	599844.3354	323344.0208	1.610	5.7996	0.000001	0.000000	0.467764
sp|P50895|BCAM_HUMAN	631392.1042	1178175.9380	368825.5712	175582.7963	285603.1404	534878.5555	-0.756	-1.5325	0.888169	0.425370	0.462464
sp|P48637|GSHB_HUMAN	114031.1663	452642.6563	760500.5188	756687.9060	1219672.9430	1304542.1690	1.084	1.8822	0.174508	0.023047	0.724666
sp|O00592|PODXL_HUMAN	1840668.3290	1144274.8720	1970948.3720	2200076.7200	4293781.7600	4378731.8590	0.743	2.0738	0.127001	0.015958	0.703593
sp|Q99969|RARR2_HUMAN	7518188.2240	4988426.5160	9781402.1590	20300000.0000	22400000.0000	14300000.0000	0.981	3.2870	0.006466	0.000896	0.583517
sp|P04083|ANXA1_HUMAN	226842.0121	486445.0517	611414.0351	83876.7781	66074.8003	168680.6046	-1.410	-3.4959	0.125625	0.441090	0.039111
sp|O43240|KLK10_HUMAN	198094.8813	1283668.4630	251005.2368	2097.6184	0.0000	47384.7502	-4.452	-4.0872	0.033741	0.436711	0.011777
sp|P49913|CAMP_HUMAN	1539203.1940	1291316.6860	892263.3796	834084.1633	1313999.6780	4012208.4150	0.315	0.6088	0.828138	0.145557	0.813321
sp|P01709|LV206_HUMAN	0.0000	0.0000	12291.1626	146653.9959	3034755.1030	445273.5124	4.969	3.3038	0.006137	0.000855	0.582004
sp|P01609|KV117_HUMAN	325000000.0000	255000000.0000	230000000.0000	1460000000.0000	1080000000.0000	1420000000.0000	1.578	6.3518	0.000000	0.000000	0.456278
sp|P01608|KV116_HUMAN	324000000.0000	254000000.0000	230000000.0000	1440000000.0000	1070000000.0000	1420000000.0000	1.577	6.9169	0.000000	0.000000	0.445253
sp|P12318|FCG2A_HUMAN	7483406.5320	5714963.5030	5814070.5000	22800000.0000	8464488.8550	21700000.0000	0.953	2.5603	0.045356	0.005627	0.651897
sp|Q13201|MMRN1_HUMAN	78911.1912	131261.4826	160573.9844	8101207.8750	5953134.4450	6387950.3330	4.027	13.1769	0.000000	0.000000	0.430485
sp|P83593|KV405_HUMAN;sp|P06312|KV401_HUMAN	2109304.1190	2889179.2480	2101104.2140	25400000.0000	12800000.0000	51600000.0000	2.397	5.1362	0.000017	0.000002	0.482698
sp|P01624|KV306_HUMAN	792658.2062	1250930.9750	1949407.5130	5591444.5800	3442023.5490	5784542.3450	1.383	3.1546	0.009750	0.001280	0.595500
sp|Q6FHJ7|SFRP4_HUMAN	4523149.5450	3201871.7360	380657.2720	4649603.6910	7896628.4880	6566284.7480	1.212	1.4795	0.319581	0.045937	0.769971
sp|P01604|KV112_HUMAN	971907.4673	1478286.9150	909013.7434	11800000.0000	2916148.4950	7656416.6440	1.784	3.8487	0.001228	0.000177	0.537518
sp|Q9BUD6|SPON2_HUMAN	5342290.0110	5354173.6570	9334824.0760	6450098.5060	5415266.3240	9402692.6330	0.067	0.2144	0.970404	0.209628	0.800538
sp|P34096|RNAS4_HUMAN	9700931.4480	4330878.9500	8569411.6670	25500000.0000	14900000.0000	21300000.0000	1.041	3.0533	0.013228	0.001672	0.604691
sp|Q9UEW3|MARCO_HUMAN	600028.1502	283155.5024	2319033.0050	3697945.2230	2015190.3990	1604733.7780	1.103	1.6691	0.238837	0.033649	0.748886
sp|Q12866|MERTK_HUMAN	949490.6946	1395656.4990	2257268.9360	5763553.6190	9786094.8440	9047173.3190	1.688	4.8459	0.000049	0.000005	0.491362
sp|Q99650|OSMR_HUMAN	2656098.2450	177889.9638	320802.6296	3352623.9070	2005211.8960	1388113.7670	1.380	1.7267	0.219525	0.030472	0.742295
sp|P32942|ICAM3_HUMAN	1506649.0220	291843.9896	14348.3064	1066704.1910	4807340.8290	4271584.9260	2.640	1.9973	0.145169	0.018538	0.711926
sp|P05019|IGF1_HUMAN	3106101.8070	3705608.8420	5934282.5740	6754157.6990	11100000.0000	9125084.3150	0.749	2.4145	0.062941	0.007813	0.667133
sp|P02462|CO4A1_HUMAN;sp|P29400|CO4A5_HUMAN	1056801.6650	419919.0931	609534.0370	2881646.1090	1261420.1970	8168584.4910	1.566	2.7851	0.027004	0.003300	0.629541
sp|P78417|GSTO1_HUMAN	507850.5458	373257.5550	389497.4431	881983.4666	474604.6403	113505.3973	-0.131	-0.2123	0.999209	0.280802	0.761521
sp|Q92692|PVRL2_HUMAN	296658.5121	1171410.0250	2125598.0360	1405517.9690	1617807.8270	1890031.6850	0.568	0.9612	0.659098	0.096609	0.807683
sp|O00187|MASP2_HUMAN	9191033.0260	7058935.0180	13000000.0000	4816041.8260	10700000.0000	15800000.0000	-0.036	-0.0870	1.000000	0.260445	0.775209
sp|Q9BQ51|PD1L2_HUMAN	227943.2913	68558.6431	635236.1071	1611705.0530	716941.5212	1325374.9510	1.666	2.0825	0.125003	0.015685	0.702650
sp|Q14393|GAS6_HUMAN	207011.9342	520795.6468	317907.2798	3152501.3430	3168219.1490	2320952.3410	2.162	6.3618	0.000000	0.000000	0.456068
sp|Q9BYZ8|REG4_HUMAN	14611.6332	63026.3539	18800000.0000	71647.9318	420.1241	28479.0597	-3.718	-1.6874	0.809622	0.432550	0.414569
sp|P23083|HV103_HUMAN	25800000.0000	27200000.0000	39100000.0000	119000000.0000	92700000.0000	163000000.0000	1.372	5.1271	0.000018	0.000002	0.482939
sp|P12110|CO6A2_HUMAN	148837.6764	596169.0453	953965.1954	148638.7622	771342.4948	98868.6555	-0.651	-0.8786	1.000000	0.371676	0.649306
sp|P10721|KIT_HUMAN	208285.2110	336254.6345	225915.0338	126666.2334	51786.5864	272160.1316	-0.749	-1.5308	0.889018	0.425280	0.462995
sp|P37802|TAGL2_HUMAN	2802494.8510	4496750.9890	3965110.0580	5356009.4320	2715379.5740	3209512.2300	-0.008	-0.0180	1.000000	0.248963	0.781973
sp|LEP_HUMAN|	267864.1837	243441.7090	106805.3446	1889191.4570	213964.1622	274700.4903	0.887	1.2369	0.470778	0.066330	0.792301
sp|Q9BUN1|MENT_HUMAN	2341566.4960	1590480.3370	2565650.0540	1471294.7400	2865566.7000	3279523.8740	0.134	0.4310	0.896444	0.173594	0.810466
sp|Q9Y5Y6|ST14_HUMAN	587846.1665	558665.5677	1105507.2230	735226.9101	1110806.7760	1062910.6750	0.287	0.9803	0.647420	0.094267	0.806955
sp|Q86VP6|CAND1_HUMAN	34662.7827	138609.3992	2736807.8280	3980.9322	5237.1677	31265.0225	-3.165	-2.4261	0.466155	0.445505	0.210883
sp|Q02487|DSC2_HUMAN	243097.4960	29735.6063	458135.4050	2921741.3020	1286413.9320	992488.7906	2.371	2.5748	0.043891	0.005442	0.650407
sp|P14314|GLU2B_HUMAN	24602.4199	792798.8079	257188.5577	38598.9187	64844.4634	0.0000	-1.870	-1.4541	0.925965	0.420929	0.487007
sp|P15941|MUC1_HUMAN	2977986.3130	12500000.0000	617621.2939	4643598.6560	13300000.0000	9847082.5140	1.071	0.9915	0.640352	0.092910	0.806507
sp|O15394|NCAM2_HUMAN	0.0000	66448.3618	35405.7765	415722.0328	541216.0389	339221.9530	2.389	6.4327	0.000000	0.000000	0.454589
sp|Q06323|PSME1_HUMAN	152046.1978	233579.7472	531975.9555	45853.1765	70609.8364	198294.2385	-1.115	-2.1550	0.591459	0.443893	0.279102
sp|P80419|HV322_HUMAN	16815.5345	4288.6880	10818.6632	475385.1077	151588.0048	669526.7100	3.720	6.3361	0.000000	0.000000	0.456608
sp|Q96RW7|HMCN1_HUMAN	57372.9223	0.0000	131755.9205	11656.9852	47557.3950	118923.1182	0.196	0.1770	0.979530	0.215966	0.798060
sp|P12277|KCRB_HUMAN	1063.7017	2970.2747	316622.6209	12090.6509	289.8091	15752.4865	-0.748	-0.3067	0.999119	0.295601	0.749922
sp|P06748|NPM_HUMAN	20596.1395	2684357.8480	13412.7509	137096.9240	4171.5946	19260.7751	-1.549	-1.0249	1.000000	0.386841	0.613678
sp|Q99972|MYOC_HUMAN	51700000.0000	17300000.0000	6577642.6910	2648040.0120	656000000.0000	487000000.0000	1.620	1.2124	0.488214	0.068710	0.794113
sp|Q9NS71|GKN1_HUMAN	372628.7060	320154.0749	147923.0556	2142986.2830	2732530.8410	1671451.7030	2.087	5.4297	0.000005	0.000000	0.475655
sp|P41271|NBL1_HUMAN	4504952.9900	1633040.0060	3870885.1650	12400000.0000	18900000.0000	13600000.0000	1.550	3.9896	0.000831	0.000114	0.528367
sp|P01769|HV308_HUMAN	2783795.5940	1113835.0040	1735583.2020	23000000.0000	30000000.0000	48000000.0000	2.917	7.6374	0.000000	0.000000	0.437482
sp|O75874|IDHC_HUMAN	658946.8717	529409.8308	1199867.5570	795654.8242	770824.9281	1132618.6980	0.147	0.4729	0.880483	0.166832	0.811533
sp|O75636|FCN3_HUMAN	2479730.8000	2866051.0710	4072870.5300	3041653.9650	4292104.0670	3144023.8930	0.105	0.4153	0.902460	0.176149	0.809999
sp|Q01459|DIAC_HUMAN	3192421.4060	3127282.9910	3310985.7000	6892345.9910	1808404.5020	3127518.2190	0.068	0.1721	0.980609	0.216798	0.797719
sp|P19021|AMD_HUMAN	1613804.7820	1323764.8020	1316197.3190	2469577.1850	2119870.8060	2388550.1380	0.493	2.4670	0.055964	0.006953	0.661602
sp|Q8WWA0|ITLN1_HUMAN	595143.9121	43952.9046	324353.2842	4273495.1380	6951.1043	2776353.8650	0.906	0.4839	0.876285	0.165072	0.811771
sp|Q12864|CAD17_HUMAN	1666.7841	9186.9820	381447.7336	526070.5314	525470.4429	489888.1102	3.334	2.6479	0.037183	0.004589	0.642990
sp|O75023|LIRB5_HUMAN	570254.4591	2333305.9910	626755.3381	594466.3310	223646.9149	1883541.5500	-0.557	-0.6698	0.999555	0.346913	0.692699
sp|P04066|FUCO_HUMAN	277444.2540	241340.1532	237184.7154	2204751.3510	957767.3951	1596579.6530	1.796	6.3090	0.000000	0.000000	0.457179
sp|Q08554|DSC1_HUMAN	101428.4931	131296.5313	767634.7563	3259495.4650	1015541.0880	1057613.5560	1.895	2.4429	0.059070	0.007337	0.664136
sp|Q13444|ADA15_HUMAN	481.9280	76294.2046	201392.9237	1141981.8220	1226088.0080	693141.2866	3.776	2.3441	0.073537	0.009111	0.674603
sp|P16152|CBR1_HUMAN	263401.8758	97960.3772	849167.2470	28940.1173	434552.1355	534362.7910	-0.381	-0.3258	0.999238	0.298531	0.747427
sp|P30101|PDIA3_HUMAN	432507.5330	629966.9291	944540.8857	31168.2106	56023.3820	256207.4313	-2.139	-2.6100	0.399849	0.445361	0.170258
sp|P28300|LYOX_HUMAN	1096463.0770	367245.3079	537244.7550	2243424.7520	3380231.2880	2680747.1810	1.503	4.1225	0.000579	0.000074	0.520814
sp|Q9NPH3|IL1AP_HUMAN	7683859.5400	8690309.7000	7108232.5330	5471597.8370	5788378.1010	7136013.0020	-0.221	-1.0840	1.000000	0.392457	0.598036
sp|P08174|DAF_HUMAN	157297.9218	108031.6292	319499.7095	555953.0444	1124953.3920	857463.9084	1.561	3.6857	0.001956	0.000289	0.549495
sp|P19971|TYPH_HUMAN	404945.6684	1492831.0320	1428144.2990	196170.6670	312849.8245	411569.5734	-1.186	-2.1921	0.574097	0.444284	0.269193
sp|Q8IWV2|CNTN4_HUMAN	189750.5155	9131.7363	217270.9136	587810.2841	131011.6038	389979.2687	1.511	1.5439	0.288635	0.041432	0.763006
sp|Q16663|CCL15_HUMAN	11630.2794	204.1664	11524.2610	686303.4129	1491642.4250	1839275.2410	5.664	3.6509	0.002164	0.000320	0.552228
sp|P31146|COR1A_HUMAN	38059.4117	202685.3292	789368.1888	141629.6427	0.0000	2279983.4480	-0.201	-0.1383	1.000000	0.268866	0.769830
sp|P07911|UROM_HUMAN	679469.8769	267214.9086	128562.9474	478769.8668	266205.1811	513612.8575	0.318	0.6102	0.827592	0.145343	0.813327
sp|P01596|KV104_HUMAN	57993.9610	0.0000	38714.4485	0.0000	2060.3118	1378287.4660	0.226	0.0675	0.996809	0.234549	0.789628
sp|P40199|CEAM6_HUMAN	469754.3118	183341.3007	1514606.6140	132595.7964	30695.6024	317821.1134	-1.505	-1.9030	0.706350	0.439439	0.350081
sp|P01707|LV204_HUMAN	31622.9268	4681.0198	0.0000	400957.9324	10400.5269	66233.6810	2.316	2.0628	0.129552	0.016310	0.704786
sp|Q9Y624|JAM1_HUMAN	301880.7588	29430.1323	32547.8235	41484.8471	2300192.5780	930178.6491	1.693	1.0971	0.570033	0.080727	0.801449
sp|P08254|MMP3_HUMAN	22172.0442	1988.3178	0.0000	29627.5542	289844.4548	208720.9759	3.528	3.3317	0.005628	0.000792	0.579497
sp|Q9H4A9|DPEP2_HUMAN	64271.9555	0.0000	15097.1410	556225.4149	97330.6855	573756.1077	2.705	3.4783	0.003600	0.000527	0.566564
sp|Q12906|ILF3_HUMAN	623.0074	426018.8782	172129.8219	11758.6968	0.0000	1423.2813	-3.336	-1.4428	0.931136	0.420242	0.490550
sp|P04216|THY1_HUMAN	1850811.0610	2732930.0840	2488514.8970	4098248.0120	4522962.7990	4978845.5660	0.661	3.3777	0.004885	0.000698	0.575389
sp|P30041|PRDX6_HUMAN	6300.2119	15895.1899	363959.1975	14220.6576	0.0000	0.0000	-2.783	-1.4092	0.945791	0.418130	0.501080
sp|Q13232|NDK3_HUMAN	105008.2148	38990.0799	87244.0762	8159.3226	25295.5246	419886.2128	-0.609	-0.3769	0.999941	0.306257	0.740486
sp|P55103|INHBC_HUMAN	817517.4844	145865.5509	182921.8455	224855.7911	399709.6625	392115.8906	0.215	0.3853	0.913751	0.181061	0.808999
sp|P01599|KV107_HUMAN;sp|P01610|KV118_HUMAN	323000000.0000	254000000.0000	230000000.0000	1440000000.0000	1070000000.0000	1410000000.0000	1.585	6.9801	0.000000	0.000000	0.444201
sp|P48304|REG1B_HUMAN	249375.1074	3146605.8970	1053656.9510	3781906.1600	3462158.9470	10900000.0000	1.817	2.0511	0.132270	0.016691	0.706056
sp|O95633|FSTL3_HUMAN	1757101.6960	1608010.1670	99546.7166	4439521.4770	8817937.1140	15957.9115	0.192	0.1123	0.991469	0.226951	0.793280
sp|P01611|KV119_HUMAN	1643597.8960	1831959.3460	542451.5383	4332210.7260	7604354.2620	121000000.0000	2.553	2.4138	0.063040	0.007825	0.667207
sp|P01612|KV120_HUMAN	3559937.2250	5369659.4370	75067.5212	27900000.0000	31900000.0000	45100000.0000	3.362	2.5593	0.045459	0.005640	0.652000
sp|CAH2_HUMAN|	754371.1175	1189059.4130	7786788.7500	2065193.3130	1731538.8420	1745571.4650	0.027	0.0404	0.998927	0.239134	0.787294
sp|P27797|CALR_HUMAN	1269939.7640	1587924.4180	712444.3179	33123.8603	3570418.9100	4375628.9060	-0.176	-0.1289	1.000000	0.267331	0.770839
sp|P04080|CYTB_HUMAN	1288890.9320	964370.9608	4525487.3080	3533547.6370	5237387.7650	4613345.1510	0.887	1.7262	0.219684	0.030499	0.742352
sp|Q9UHG2|PCSK1_HUMAN	14240.2470	1349.5713	2876.1621	224680.4554	145599.5381	182389.6435	3.820	5.6747	0.000002	0.000000	0.470364
sp|P12821|ACE_HUMAN	1057497.2030	263563.3511	734295.5233	2239961.3270	1504876.1860	2365571.6570	1.194	2.7965	0.026270	0.003209	0.628451
sp|Q96SM3|CPXM1_HUMAN	862149.3332	1820563.6460	1679512.5690	569163.6542	1069575.6850	1377974.3480	-0.395	-0.9623	1.000000	0.380573	0.629460
sp|Q6WN34|CRDL2_HUMAN	469088.5250	96007.7268	243766.8305	1292655.5960	4285164.5140	575144.8079	1.816	2.1694	0.105985	0.013160	0.693282
sp|P01616|KV203_HUMAN	654075.0881	62722.2815	606416.1913	7935603.6420	2169760.6680	5234187.9370	2.675	3.5762	0.002692	0.000398	0.558284
sp|Q86SQ4|GP126_HUMAN	1873510.0220	401890.3764	750065.8381	1620005.7960	1919154.0150	1543142.7380	0.739	1.6643	0.240522	0.033925	0.749434
sp|O00299|CLIC1_HUMAN	686922.2657	2378288.2660	2981122.8240	681042.4089	651940.1733	2118778.2230	-0.601	-0.9351	1.000000	0.377746	0.636066
sp|P20062|TCO2_HUMAN	76691.0393	885597.5425	515609.8428	1337250.3570	1113941.1050	1619808.4350	1.389	1.8761	0.176137	0.023308	0.725349
sp|Q8WUJ3|CEMIP_HUMAN	257091.4179	485990.2862	496193.9495	739090.0164	1416819.2650	999743.0848	0.939	2.6354	0.038258	0.004726	0.644247
sp|P26022|PTX3_HUMAN	531406.0654	913145.0305	1452986.4960	1257370.7970	1637101.0560	4202113.6440	0.808	1.6677	0.239328	0.033730	0.749046
sp|Q9H8L6|MMRN2_HUMAN	408967.0274	1113216.7080	1299233.1660	2274022.0120	1410332.8280	3984468.9190	1.033	1.9708	0.151694	0.019507	0.714836
sp|Q24JP5|T132A_HUMAN	70221.3111	484.8717	3479.8079	2383.0113	481419.1668	923.2065	0.650	0.4008	0.907918	0.178518	0.809533
sp|P28066|PSA5_HUMAN	0.0000	0.0000	148827.0098	0.0000	12901.1809	43658.3754	0.056	0.0406	0.998915	0.239100	0.787312
sp|P35237|SPB6_HUMAN	34900000.0000	2711041.9710	16400000.0000	12000000.0000	3957544.8450	3953799.1010	-0.641	-0.7139	0.999066	0.352447	0.684231
sp|P08833|IBP1_HUMAN	4019817.5220	4124483.6530	2860114.3400	5938272.8590	3050731.2430	8930468.1250	0.386	0.9004	0.694521	0.104294	0.809693
sp|P00491|PNPH_HUMAN	26950.4551	108938.8647	355057.2341	6539.0233	12848.5264	319.0261	-3.538	-2.9399	0.326996	0.444236	0.106922
sp|P62987|RL40_HUMAN;Int_P62988ups|UBIQ_HUMAN_UPS;sp|P0CG47|UBB_HUMAN;sp|RS27A_HUMAN|	12800000.0000	23100000.0000	62300000.0000	59400000.0000	349000000.0000	218000000.0000	1.812	2.5352	0.047999	0.005960	0.654488
