Protein	S0	S0	S0	S1	S1	S1	LogFoldChange	Zstatistic	fdr	FDRup	FDRdown
sp|P04114|APOB_HUMAN	21526758847.9371	17840291160.1508	23116799548.0289	20090464193.4327	19144755752.8817	24383408426.2504	0.031	0.0946	1.000000	0.312498	0.300200
sp|P01024|CO3_HUMAN	101335321656.5614	88659921725.9432	88902102581.4459	86737968582.2937	80217832284.1961	81037297950.5189	0.202	1.0090	0.571685	0.103123	0.417322
sp|P0C0L5|CO4B_HUMAN	2199998811.0559	2668296639.1061	3039376202.7489	1236030071.6742	1472549209.4071	1475317006.2285	-0.794	-3.4088	0.000162	0.337267	0.000019
sp|ALBU_HUMAN|	249803682279.4017	393581848982.6959	263151671779.2303	231603369378.3953	160237007906.6510	199266517547.8707	-0.001	-0.0075	0.999147	0.334281	0.278421
sp|P0C0L4|CO4A_HUMAN	842870733.6518	352648838.9782	517685636.7571	312637058.7712	331573826.9611	326832848.9330	-0.795	-2.6622	0.004026	0.361280	0.000558
sp|P01023|A2MG_HUMAN	47157744439.6604	42761121001.3985	50915347316.5017	97920360282.0488	107124335993.6130	102066864032.1751	1.091	4.6484	0.000000	0.000000	0.321829
sp|P02751|FINC_HUMAN	6780571021.0328	6930473604.8649	6022405349.8707	9847304784.5941	8491088802.8741	6381246910.7568	0.042	0.1781	1.000000	0.293631	0.317025
sp|P08603|CFAH_HUMAN	10501213802.8542	10930354450.9668	10088790224.1056	13909041833.5923	13661160408.0571	12340442558.3098	0.057	0.2724	1.000000	0.271391	0.334815
sp|P98160|PGBM_HUMAN	320843872.8875	233382304.1407	124589067.7315	270630093.6285	374778348.2992	312130926.3321	0.156	0.4633	0.997580	0.224461	0.366527
sp|P12111|CO6A3_HUMAN	347240702.9587	345095236.5690	405932016.6986	334986704.1369	441876758.1835	379705050.3761	-0.282	-1.2933	0.272789	0.433134	0.040036
sp|P01031|CO5_HUMAN	739004791.4518	802313686.2348	909785479.4760	973346951.4085	833344342.5686	739837965.2855	-0.312	-1.6555	0.104020	0.416250	0.016190
sp|Q9Y6R7|FCGBP_HUMAN	395243452.9520	418714166.0437	397781878.8383	1012992928.4997	1028869784.6132	666081707.3201	0.455	2.1205	0.053908	0.007075	0.387221
sp|P00450|CERU_HUMAN	21991900828.6230	20047474060.4227	15371178536.3759	20968697385.2291	22174990365.9604	22785983900.3451	0.081	0.3794	1.000000	0.245286	0.353321
sp|P02671|FIBA_HUMAN	9829170909.3832	14687022252.7311	8370573798.2086	14104841880.4240	11899750201.1232	11783876313.6781	-0.009	-0.0490	0.998045	0.342681	0.269246
sp|P04275|VWF_HUMAN	204784000.8140	238260064.3458	245875394.0737	268101334.5843	246080748.1793	254847567.4232	-0.355	-1.5871	0.126307	0.420181	0.019423
sp|TRFE_HUMAN|	1936509696.7154	5347877159.9031	6010257140.0104	510662168.4873	403502536.2793	308342341.3426	-2.467	-6.6798	0.000000	0.307962	0.000000
sp|P00747|PLMN_HUMAN	4362785987.8520	9781528445.9181	3898430856.8022	3004778708.9420	4301376557.3551	2854856829.1331	-0.565	-1.7029	0.090934	0.413416	0.014227
sp|CO5_HUMAN|	316768405.4434	354888866.3941	314447206.2240	284435102.5925	255670065.5298	232069743.3495	-0.659	-2.3637	0.011999	0.375010	0.001745
sp|P02774|VTDB_HUMAN	17238878640.3785	17314065002.0490	14120661988.6428	10245559066.9772	11554414513.2370	9383637258.5467	-0.586	-3.0487	0.000807	0.347033	0.000106
sp|Q14624|ITIH4_HUMAN	6670375515.4296	6917450726.8364	5762478672.5587	4256490808.1816	5841840299.7304	4882477765.2485	-0.361	-1.4321	0.194022	0.427972	0.028790
sp|P06727|APOA4_HUMAN	4549667342.6019	6557226909.7283	15762305591.3217	14317405048.7186	12240402930.3916	12898605889.8885	0.404	0.9336	0.649075	0.117105	0.414281
sp|P10643|CO7_HUMAN	3875854543.5802	3952739669.2558	3370988074.9229	13917304702.5145	11463971967.1864	9007450473.5870	1.025	4.2476	0.000003	0.000000	0.327843
sp|P20742|PZP_HUMAN	130796988.9183	172281431.6362	300275729.6942	48678393.8701	51702180.7432	34817409.1873	-1.989	-6.1345	0.000000	0.309700	0.000000
sp|P02647|APOA1_HUMAN	57177632879.3985	59797825342.9172	57786603513.7996	42717584740.8831	52492114695.8342	34381840465.9133	-0.029	-0.1295	0.993588	0.358161	0.251030
sp|P00751|CFAB_HUMAN	15590137234.5006	16753048334.8973	10873724027.7678	10034855836.5773	10898334730.1164	9322836680.2702	-0.485	-2.1827	0.021964	0.384623	0.003284
Int_P01008ups|ANT3_HUMAN_UPS	3643007215.4723	4182400869.8191	3204147382.8907	1811797520.9983	3087748959.2633	2049521355.1156	-0.608	-2.2405	0.018185	0.381453	0.002696
sp|P01009|A1AT_HUMAN	91516601366.3765	73673285522.7288	53694416603.4197	2197968917.4654	8639757842.2237	12251836317.0142	-2.329	-4.7955	0.000000	0.318455	0.000000
sp|P02675|FIBB_HUMAN	24545601047.9902	37951420843.8914	31366409781.7914	32642275177.9560	33752765923.4165	22530999288.4555	0.032	0.1204	1.000000	0.306762	0.305500
sp|P06681|CO2_HUMAN	1171040907.2286	1155466812.9133	875712076.1334	1155945052.9749	1024523182.3396	983006447.9996	-0.357	-1.7406	0.081726	0.411118	0.012813
sp|P00734|THRB_HUMAN	7528781695.7496	8439973720.2289	6816282829.3980	4378848845.3137	5852982992.2424	4598809954.9916	-0.615	-3.0433	0.000826	0.347206	0.000109
sp|P02679|FIBG_HUMAN	25608781648.3021	38736107686.1940	33484228755.2762	41136653613.7007	30949253051.9661	21321140573.8714	0.026	0.0798	1.000000	0.315748	0.297120
sp|P13671|CO6_HUMAN	869064590.4173	948321389.8806	669457849.6385	634386943.5115	606113840.5511	517474900.1587	-0.667	-3.9019	0.000012	0.328105	0.000001
sp|P22105|TENX_HUMAN	38178820.2623	30145694.7538	47014244.8493	110794189.1953	71943841.7909	84018410.6119	0.254	1.0371	0.544119	0.098199	0.418143
sp|P00738|HPT_HUMAN	17666859960.5655	30179679195.2048	16130311738.0336	2558678382.3394	7697477096.1941	2849434289.5516	-1.781	-4.9434	0.000000	0.317280	0.000000
sp|P43652|AFAM_HUMAN	1725453032.1624	1877637799.2913	1973157029.4984	2574939261.1686	2355902206.8281	2255026836.5399	0.081	0.3979	1.000000	0.240710	0.356332
sp|P19827|ITIH1_HUMAN	3144208971.6982	3410778597.2098	2991154039.3680	2005552670.5096	2059925906.6369	1655402891.4274	-0.586	-3.0800	0.000705	0.346046	0.000092
Int_P06396ups|GELS_HUMAN_UPS	1441705567.9108	1543799313.4702	1626340760.9119	3013845690.4907	3123402186.6827	2826320310.7863	0.458	2.4924	0.015530	0.001986	0.371310
sp|P19823|ITIH2_HUMAN	5606393867.8059	5546661074.4590	5106001766.3832	4584412654.5992	4325977021.7360	3290838227.2185	-0.363	-1.6822	0.096417	0.414663	0.015058
sp|P01011|AACT_HUMAN	39397167310.3964	38223800150.7241	26607072956.0284	24869790736.5654	49584869643.5208	35139749489.4156	0.275	0.8540	0.733007	0.133047	0.409680
sp|Q15063|POSTN_HUMAN	596359955.1614	657537682.4303	622896062.8664	149739004.2255	341110617.4039	194863471.1924	-1.495	-4.4550	0.000000	0.321471	0.000000
sp|P02790|HEMO_HUMAN	55952253985.0130	53556900613.6637	52892799714.2406	31633101181.1091	30481965748.0154	23168059284.1062	-0.469	-2.2075	0.020265	0.383251	0.003019
sp|P02649|APOE_HUMAN	4482871570.6327	2393970042.0097	2682236584.6328	5282237219.3997	5998666352.3540	4830583528.4837	0.469	1.5935	0.188253	0.030956	0.409836
sp|P09871|C1S_HUMAN	546698292.2547	636629842.4530	812084209.6968	1397879260.2857	1322897522.2481	1323286383.3717	0.328	1.6048	0.184021	0.030118	0.409384
sp|O00391|QSOX1_HUMAN	171974249.8736	149190525.0282	175342003.9764	368591484.1754	317786510.6833	312898364.0858	0.296	1.6284	0.175514	0.028422	0.408426
sp|P03952|KLKB1_HUMAN	666258790.2669	947250245.7722	986566159.6098	445908285.9953	397104347.2602	498755890.3604	-0.906	-4.1446	0.000003	0.324842	0.000000
sp|P24043|LAMA2_HUMAN	16889456.6702	15912396.5908	26063266.1931	46870854.9325	47902444.6653	47278376.2624	0.290	1.3790	0.286840	0.050493	0.417110
sp|P01042|KNG1_HUMAN	6507295217.0389	8726957403.0188	8184914632.9390	5875868539.9740	6271674859.2911	6455844655.1109	-0.424	-2.1848	0.021815	0.384506	0.003260
sp|P00736|C1R_HUMAN	2031019526.2683	1355870999.1489	1869391018.5712	2933402518.7681	2491714027.0725	2765383211.8958	0.270	1.1904	0.410733	0.074074	0.419918
sp|P24821|TENA_HUMAN	56824724.4514	46935901.4566	58813912.9637	39573469.2528	49612991.7873	56298106.3751	-0.556	-2.8120	0.002201	0.355320	0.000301
sp|P01871|IGHM_HUMAN	1333492772.2042	1228389543.2982	1403870807.2098	4685183534.5329	7059391804.1734	11506525635.3398	1.494	4.9442	0.000000	0.000000	0.318630
sp|P04003|C4BPA_HUMAN	2817683568.3481	3035612693.9372	3638560509.4331	2367527506.6532	2085740529.7469	2616742830.3308	-0.379	-1.7804	0.073017	0.408667	0.011452
sp|P23142|FBLN1_HUMAN	318173348.0243	332423096.1840	289791560.4835	774483135.5128	669077697.1010	761322872.9940	0.520	2.5713	0.011838	0.001481	0.368149
sp|P04196|HRG_HUMAN	4207388454.2770	5089381965.6664	3220348423.7218	2495758795.7065	3155079375.1698	2350423533.8611	-0.480	-2.0282	0.035597	0.393513	0.005440
sp|P07358|CO8B_HUMAN	1071163100.9217	1121309542.8035	792903120.5971	617710698.3289	726267864.7703	600278304.2176	-0.758	-3.5267	0.000091	0.334727	0.000010
sp|P05155|IC1_HUMAN	11769595320.4067	13194180058.9917	10092801095.1479	14106557349.5541	18679452194.6087	14330846239.0045	0.139	0.6073	0.944437	0.188983	0.386206
sp|P05156|CFAI_HUMAN	1465459840.0016	1710122288.6294	1317994021.2556	1233076497.8760	1566850927.3064	1269003938.0359	-0.434	-1.7954	0.069980	0.407739	0.010971
sp|P25311|ZA2G_HUMAN	5779577531.2983	6766892608.3290	6130431872.3445	5849492807.4882	9129557615.5836	5576999629.0072	0.013	0.0638	1.000000	0.319227	0.293760
sp|Q86VB7|C163A_HUMAN	84058920.6074	85475962.2600	139034778.8208	380654273.6429	548257465.5652	575019196.3630	1.218	4.9697	0.000000	0.000000	0.318391
sp|P02748|CO9_HUMAN	3848953884.5554	3610217156.1599	3395947667.2014	2006470590.1173	2480458301.0637	2552571301.4867	-0.538	-2.5879	0.005355	0.364454	0.000750
sp|Q15582|BGH3_HUMAN	209085184.3447	227019285.3088	185346365.5268	125691221.0999	205878334.8295	161644806.1854	-0.796	-3.4804	0.000115	0.335694	0.000013
sp|Q9NR99|MXRA5_HUMAN	25278213.6156	19701057.3042	17367773.2549	20132815.0412	25328731.9628	34380913.3264	-0.384	-1.5179	0.153482	0.423884	0.023229
sp|P36955|PEDF_HUMAN	1566439270.3848	1456377146.3527	1455174007.5515	2789509255.0834	3515477519.2839	2712787753.6767	0.480	2.1080	0.055976	0.007360	0.387762
sp|P05546|HEP2_HUMAN	1441276887.3486	1755962261.9807	1379480569.7524	796665516.2313	613624442.2891	669367051.4161	-1.131	-4.8499	0.000000	0.318018	0.000000
sp|K1C9_HUMAN|	72062338.7766	43677090.1793	25911373.3490	63970822.3495	52906542.6795	94268788.9032	-0.018	-0.0446	0.998150	0.341803	0.270227
sp|P01876|IGHA1_HUMAN	4256389527.5856	2858484112.1064	3435447780.7979	27961375511.3736	21021164877.8135	24368765334.4197	1.981	7.9760	0.000000	0.000000	0.306950
sp|Q12805|FBLN3_HUMAN	414252912.8234	377959521.5642	486219868.6388	1124639874.9279	953341206.9228	1199486563.6767	0.577	3.1112	0.001693	0.000152	0.351355
sp|P04264|K2C1_HUMAN	82895640.7175	119537081.0223	107861390.7428	150762670.4392	314169440.9233	287558186.9638	0.451	1.4429	0.253416	0.043916	0.415273
sp|Q08380|LG3BP_HUMAN	181354434.5705	126292045.7052	256230058.5253	334911293.4658	354879186.6148	280244983.6736	0.177	0.7689	0.819014	0.151341	0.403141
sp|P07225|PROS_HUMAN	316317146.0978	272520726.8285	387805824.5937	456204535.7686	313028859.6652	452335486.4724	-0.082	-0.3495	0.935292	0.394292	0.199958
sp|O75882|ATRN_HUMAN	215903241.4576	199227093.4526	211868521.6591	313979700.6007	371321647.3996	253500020.0079	0.023	0.1035	1.000000	0.310529	0.302038
sp|P19320|VCAM1_HUMAN	41418913.2269	35420379.7708	60197943.5896	121352074.3892	348258141.8842	143357792.6038	0.956	2.4106	0.020594	0.002668	0.374715
sp|P98088|MUC5A_HUMAN	11413743.1589	11967417.9958	28543288.9568	1351618.9268	5659513.9138	1624090.0485	-2.623	-5.3781	0.000000	0.313981	0.000000
sp|ANT3_HUMAN|	142219981.6570	22344005.5506	9323943.3744	88303395.8710	138098070.4430	91063322.1790	0.709	0.9130	0.670834	0.121117	0.413229
sp|K1C10_HUMAN|	20390214.8994	65282846.0930	67527157.2858	63355198.4213	135118380.6233	101527998.8509	0.267	0.5368	0.977663	0.206228	0.377077
sp|P00739|HPTR_HUMAN	39775033.8256	60442471.1596	60211877.0059	12679660.3800	17380416.9604	16778232.6692	-1.663	-7.0612	0.000000	0.307311	0.000000
sp|P02765|FETUA_HUMAN	8518433443.3828	11138303136.8836	7238304386.6841	7999762756.4156	8802270927.4780	8876367589.4253	-0.226	-1.0387	0.427317	0.437336	0.068903
sp|P29622|KAIN_HUMAN	383281528.4857	491120187.5973	496378250.8550	306437833.5213	346693068.2356	282500979.2649	-0.679	-2.9006	0.001518	0.352053	0.000205
sp|P08253|MMP2_HUMAN	142563049.8433	221042356.8642	256278307.2194	248509423.9809	323163938.5929	334353807.5765	0.070	0.2381	1.000000	0.279581	0.328500
sp|P08697|A2AP_HUMAN	1921677851.4152	2764777291.3949	1449487858.2999	1051771195.9370	1384253770.5397	1136512194.1886	-0.758	-2.7289	0.003091	0.358557	0.000425
sp|P35858|ALS_HUMAN	220307298.6820	287528573.3184	345801640.6551	87794026.7822	118179019.4029	90591421.4752	-1.568	-5.8357	0.000000	0.311161	0.000000
sp|P10909|CLUS_HUMAN	2677026080.4808	3614258229.2999	3875344873.5088	2993486857.0250	2572014356.2447	3032747043.5863	-0.269	-1.0222	0.437255	0.437354	0.071161
sp|P07357|CO8A_HUMAN	744315432.7041	712307169.7615	544376385.2252	575965672.8349	613028373.6325	445419737.6387	-0.570	-2.4399	0.009195	0.371252	0.001320
sp|O75339|CILP1_HUMAN	29782595.0920	11336112.0599	14345079.3863	35117276.6749	32688567.9015	42497767.2886	0.215	0.6236	0.935025	0.185050	0.388172
sp|P04217|A1BG_HUMAN	13360144804.1662	14941890359.5085	11075294477.4162	8732235620.1869	10140454668.1334	8375962986.2183	-0.540	-3.0095	0.000955	0.348306	0.000127
sp|P02760|AMBP_HUMAN	4451753979.1375	4003232586.1299	5697172273.6025	5360461872.4945	4253142267.7715	4123305441.5939	-0.103	-0.4052	0.904088	0.401813	0.187157
sp|P04004|VTNC_HUMAN	3472969808.0314	4227394324.2301	2844023693.9034	2358410982.5866	3180058978.1440	2789111715.1997	-0.232	-0.9150	0.504113	0.436572	0.086976
sp|P55058|PLTP_HUMAN	429315925.6080	339156146.2719	413516647.3929	478411972.9968	632239058.8680	543418599.9225	-0.013	-0.0673	0.997286	0.346296	0.265149
sp|P13796|PLSL_HUMAN	61486133.1975	56158718.3308	80969858.4309	71484209.5512	53644329.8070	131682150.4620	-0.261	-0.8170	0.572217	0.434281	0.103155
sp|P22897|MRC1_HUMAN	19237737.4409	23484862.0229	29366989.2911	66950402.3051	76470955.6266	74408803.3697	0.500	2.3207	0.028057	0.003651	0.378553
sp|P07996|TSP1_HUMAN	76129479.3757	82482112.4661	65760258.3757	42194117.1121	79686424.1856	85161088.3824	-0.699	-2.9766	0.001099	0.349406	0.000147
sp|ALBU_BOVIN|	26718844.0322	28883504.7231	12684409.9102	26632527.7414	20607212.7708	11929475.8688	-0.626	-1.6314	0.111382	0.417660	0.017273
sp|P02750|A2GL_HUMAN	5296807853.0293	7611790842.7829	4936517592.9105	2343597348.5139	4752940240.2638	3570887569.1764	-0.607	-2.1498	0.024408	0.386467	0.003666
sp|P01877|IGHA2_HUMAN	798644969.7255	397638701.9308	810210286.7558	3698033986.9894	2188299778.4303	2970420465.6812	1.302	3.5144	0.000232	0.000021	0.342625
sp|P01860|IGHG3_HUMAN	1054545588.1008	1427206190.1582	965594428.9054	7230120165.7663	3625811495.8232	4003454827.9154	1.195	3.3347	0.000604	0.000052	0.346385
sp|Q06033|ITIH3_HUMAN	684638956.3908	647427608.3600	350408739.1771	392045045.1539	497926575.9037	425616567.1783	-0.547	-1.9655	0.042913	0.397272	0.006617
sp|Q92954|PRG4_HUMAN	139518167.7610	113136126.7934	152875439.1992	376796123.2169	242000722.1973	296665110.0214	0.333	1.0881	0.496378	0.089660	0.419220
sp|Q07954|LRP1_HUMAN	5208047.9204	4216209.0994	6136569.9993	10099229.3324	13629813.9710	11061593.4710	0.276	1.3490	0.303868	0.053818	0.417842
sp|Q99715|COCA1_HUMAN	33047306.4301	10865747.0908	18718992.4007	5455904.3344	13151597.7799	9496798.9431	-1.268	-3.2023	0.000415	0.342449	0.000052
sp|Q96PD5|PGRP2_HUMAN	886389310.0877	1062333362.0004	835714421.5802	637423939.4969	613421890.9660	582345778.3563	-0.725	-3.6461	0.000049	0.332396	0.000005
sp|TRFL_HUMAN|	10561224.1959	10113822.5846	34022802.0092	11219856.0280	8179175.4121	25693855.6031	-0.700	-1.4623	0.178909	0.426604	0.026720
sp|P02749|APOH_HUMAN	7134530637.0894	9382432602.5560	9669387683.8696	5290047409.8322	5136513197.9247	5135239465.9091	-0.701	-3.2314	0.000365	0.341654	0.000045
sp|P51884|LUM_HUMAN	2288189077.2386	2209945312.1096	2007380961.3741	4739805716.6532	4529612492.2967	4404110125.0329	0.625	3.0008	0.002624	0.000252	0.354109
sp|Q14520|HABP2_HUMAN	371507222.0595	300294511.3792	282551457.9272	255058317.9102	249858322.8837	229062918.9527	-0.757	-3.5196	0.000094	0.334873	0.000010
sp|O43866|CD5L_HUMAN	127326214.3148	131443217.8482	92160051.9083	514170291.3165	1145162661.1290	1087911779.3961	1.630	5.0018	0.000000	0.000000	0.318098
sp|Q16610|ECM1_HUMAN	219933413.1920	351868299.3262	244397499.6306	442056698.7394	323298083.2712	366293759.2195	0.024	0.0917	1.000000	0.313137	0.299599
sp|P05160|F13B_HUMAN	60763691.6267	100538765.8697	101552415.4231	92728902.0896	113811020.6331	92199371.8547	-0.403	-1.6524	0.104937	0.416433	0.016326
sp|P00748|FA12_HUMAN	750438595.5971	578148199.9419	551673228.5042	523768803.8341	582302583.5808	410927814.5941	-0.557	-2.4022	0.010498	0.373089	0.001517
sp|P07942|LAMB1_HUMAN	6184586.9064	6645694.5494	12338337.7893	29704928.9091	41300879.2782	35704132.6602	0.935	3.2366	0.000973	0.000084	0.348499
sp|P03951|FA11_HUMAN	58525850.1946	77868090.8130	148685528.3423	60235959.4362	58585838.5239	53087622.5001	-0.915	-2.9111	0.001452	0.351679	0.000196
sp|P12109|CO6A1_HUMAN	158931084.4899	165893410.1499	105859639.5275	128252247.7137	126531582.7823	220990254.3572	-0.475	-1.8419	0.061330	0.404858	0.009590
sp|P26927|HGFL_HUMAN	45921349.4986	67000984.4955	39305500.7526	38447787.1036	47832569.6904	33020707.8084	-0.780	-2.6472	0.004268	0.361909	0.000593
sp|P01833|PIGR_HUMAN	38113155.6201	29854973.1991	141090388.7123	61686627.2525	73177084.2293	69855888.2975	-0.351	-0.7837	0.597365	0.433100	0.109020
sp|P35443|TSP4_HUMAN	25668862.2022	12758443.4296	11279938.1107	15101593.5703	6206573.8211	13277163.8087	-0.949	-2.0826	0.030143	0.390318	0.004570
sp|P04220|MUCB_HUMAN	42372316.2970	330236.6574	464551.0395	2896589.8422	348856.8972	168810.2184	-2.276	-1.5537	0.138813	0.422008	0.021189
sp|Q03591|FHR1_HUMAN	258856614.2280	150636787.0736	96329197.6050	152763874.7900	154690055.7270	135472436.0490	-0.551	-1.5129	0.155639	0.424139	0.023527
sp|HBB_HUMAN|	180634548.1246	216689607.8656	6619773628.9666	3488172297.3531	106083656.5528	234334866.8611	-0.858	-0.6559	0.702732	0.426377	0.133192
sp|P05543|THBG_HUMAN	546609949.7911	551910009.2079	394295963.5184	418967661.1450	385325400.7076	309566296.9880	-0.533	-1.9966	0.039137	0.395398	0.006008
sp|RETBP_HUMAN|	712207231.5611	786918473.7657	1122789850.4664	811724610.2434	1363210558.8888	833296872.6167	-0.167	-0.5629	0.783667	0.419076	0.152327
sp|P02766|TTHY_HUMAN	5383058452.9305	6579539510.5481	8402624408.4953	5537878564.9750	6962288419.6564	4483100203.6090	-0.304	-1.2184	0.318615	0.435100	0.047379
sp|P08571|CD14_HUMAN	571146912.2484	518196582.0373	682539411.8375	806278535.0455	827993172.5699	1063108744.6636	0.030	0.1223	1.000000	0.306336	0.305887
sp|P08123|CO1A2_HUMAN	77232114.3048	89749142.4700	75982163.7747	125553335.9587	278620019.2593	203241134.6962	0.340	1.2624	0.358559	0.064306	0.419390
sp|P18206|VINC_HUMAN	8053179.8759	7771039.7505	9395285.4667	4775427.6921	13662755.8686	15051805.0263	-0.375	-0.9625	0.473849	0.437119	0.079723
sp|P08519|APOA_HUMAN	16771219.7908	15479018.9072	44172778.6566	8287819.1684	8894471.0577	34627553.4800	-1.106	-2.0169	0.036830	0.394184	0.005637
sp|K2C1_HUMAN|	90953207.0053	94918023.7965	109820086.6118	130947191.8537	195197993.2505	235327134.9722	0.053	0.2493	1.000000	0.276918	0.330582
sp|GELS_HUMAN|	28808271.6079	33314674.2312	17284011.6159	118358921.5065	88635710.7560	72064473.8062	0.698	2.0298	0.070147	0.009383	0.391146
sp|P02763|A1AG1_HUMAN	37451209181.2404	27762901797.1714	20368506752.4809	14934230000.0477	24390163048.4897	15727621266.6581	-0.431	-1.6355	0.110085	0.417422	0.017085
sp|P01857|IGHG1_HUMAN	62373671.0790	59201033.8172	32523310.3049	103977252.1446	217783260.5332	443584510.4326	0.987	1.7778	0.128850	0.019338	0.402087
sp|P01019|ANGT_HUMAN	2587535147.5880	3593387879.6653	2785926630.0178	2009955563.5038	2885057259.9841	2249685511.6854	-0.325	-1.3801	0.222002	0.430129	0.032660
sp|P08185|CBG_HUMAN	1160010656.4839	1184280402.0867	765675971.5923	874726261.6793	977500717.0417	1059087328.7166	-0.405	-1.6903	0.094241	0.414176	0.014728
sp|P04278|SHBG_HUMAN	345980204.4649	446751147.4157	182735898.5745	225113769.0007	182552598.6991	182835624.3623	-0.910	-2.3320	0.013376	0.376625	0.001956
sp|P02538|K2C6A_HUMAN	2615475.6316	16114786.3638	9764882.5141	29893146.7609	118647512.1787	46773012.0754	1.352	2.0171	0.072642	0.009752	0.391696
sp|P04259|K2C6B_HUMAN	2615291.3028	16252926.0613	10352247.9617	29915301.5443	115522041.7905	45925897.3210	1.232	1.7132	0.147614	0.022932	0.404869
sp|P15144|AMPN_HUMAN	38057283.3856	14799023.6533	21457191.1248	45986315.2115	43319193.3142	42920765.9964	0.061	0.1893	1.000000	0.291038	0.319207
sp|P27169|PON1_HUMAN	745113552.2751	707065884.7828	527282602.4763	411303167.0851	364080816.6284	317273035.4644	-0.872	-3.8288	0.000019	0.329237	0.000002
sp|K22E_HUMAN|	91060910.8679	102326253.9174	102798949.8377	149549755.4410	283256661.7427	261802422.9359	0.382	1.4206	0.264624	0.046135	0.415953
sp|Q13822|ENPP2_HUMAN	21273493.0623	14149404.6197	13956322.1940	47499504.2576	48460457.5963	56156670.6104	0.573	2.3285	0.027318	0.003555	0.378218
sp|P02452|CO1A1_HUMAN	452122649.5193	457689156.5619	382485460.2363	725575926.9684	546259705.4218	544369494.6487	-0.023	-0.1094	0.995033	0.354399	0.255622
sp|Q15113|PCOC1_HUMAN	45950768.5628	65553079.3988	54718418.8459	100205316.9740	82746536.6754	100043573.6198	-0.007	-0.0293	0.998557	0.338728	0.273622
sp|P49747|COMP_HUMAN	216927457.7081	142344590.7929	103714536.1136	100612652.6913	71098785.5286	117575839.1709	-1.072	-3.1097	0.000620	0.345135	0.000080
sp|Q16363|LAMA4_HUMAN	1293122.7333	1959782.5518	5781134.3590	6838086.7362	8115341.7162	3002430.5200	0.195	0.3006	1.000000	0.264585	0.339870
sp|P21333|FLNA_HUMAN	461917.4750	1453566.9165	2450990.8879	333333.1235	1025268.7337	3650137.9212	-0.783	-1.1151	0.381490	0.436829	0.059068
sp|P18065|IBP2_HUMAN	111112007.1516	133782866.3434	141219951.0560	88036911.6339	193452180.7455	227173403.2356	-0.436	-1.4609	0.179591	0.426670	0.026813
sp|P18428|LBP_HUMAN	422181433.0506	369790396.9797	294064735.3196	151223508.0605	259847533.3439	217554401.7804	-1.032	-4.0158	0.000007	0.326486	0.000001
sp|P22792|CPN2_HUMAN	294140770.8606	215182405.6900	309748700.3657	299976638.0377	412897547.8153	291551324.3237	-0.089	-0.3962	0.909642	0.400646	0.189213
sp|P43251|BTD_HUMAN	61107536.6440	85597446.3551	65759378.9734	68977753.5919	74761212.5859	70448097.1114	-0.509	-2.3073	0.014547	0.377904	0.002135
sp|P26038|MOES_HUMAN	16174464.5177	31148955.1159	32565848.9183	16795810.3751	15633031.5634	32117527.7981	-0.838	-2.5200	0.006892	0.367492	0.000975
sp|P80108|PHLD_HUMAN	60861193.1260	52429701.9034	53805614.4268	32896231.7055	43733555.0616	54208401.5054	-0.750	-3.2167	0.000389	0.342053	0.000048
sp|P12259|FA5_HUMAN	12677995.3759	9959541.4827	13873648.6986	11863755.3337	11930217.0321	559581480.9220	0.737	0.6837	0.893006	0.170784	0.394930
sp|P02461|CO3A1_HUMAN	130084880.2486	165505880.6019	107389073.5563	185601817.4994	249263404.5223	240153824.6787	-0.001	-0.0040	0.999172	0.333560	0.279187
sp|P15169|CBPN_HUMAN	136077757.9135	118946866.2689	156139584.8397	108775720.4244	106496533.8810	129878503.2506	-0.711	-3.3533	0.000210	0.338560	0.000025
sp|Q14515|SPRL1_HUMAN	51627996.7259	37392322.1766	35533319.7494	63468690.1238	89618872.1038	60951789.1965	0.057	0.2681	1.000000	0.272424	0.334034
sp|Q16270|IBP7_HUMAN	38405576.6454	29087062.5232	48251926.0217	89702458.6910	133891176.9611	119396091.3489	0.572	2.4821	0.016089	0.002063	0.371733
sp|P00742|FA10_HUMAN	38254962.1464	33879231.3202	18891962.0586	35462727.0668	95929734.3559	89931568.0184	0.260	0.6224	0.935796	0.185339	0.388029
sp|O00533|NCHL1_HUMAN	12239467.9178	9707439.9903	14054129.7938	24386180.4177	20424147.7871	28733108.5174	0.120	0.5684	0.964439	0.198457	0.381293
sp|P11021|GRP78_HUMAN	6149790.5073	15081976.3456	13533316.3557	4256592.6708	9773121.1709	10543403.1830	-0.960	-2.3291	0.013509	0.376775	0.001976
sp|P02042|HBD_HUMAN	14075928.1266	11064330.3867	632161078.8222	168122567.2385	15376732.5693	10608948.6705	-1.173	-0.7085	0.657932	0.429587	0.122931
sp|P00746|CFAD_HUMAN	173244257.2533	139043001.4735	335676316.2016	929197300.8782	1000271162.7301	694791026.0218	1.015	3.5861	0.000155	0.000014	0.341135
sp|P05090|APOD_HUMAN	2052028690.5843	1296347335.8068	2013811449.4228	2115265951.9229	1613724873.7044	2085346413.4734	-0.128	-0.5242	0.816307	0.415408	0.160628
sp|P07360|CO8G_HUMAN	657567281.1875	895526705.4840	690679753.8780	600970430.5890	794044135.5975	664791435.0908	-0.402	-1.8289	0.063633	0.405663	0.009960
sp|Q9UK55|ZPI_HUMAN	60820888.3569	66950054.6831	49222149.0307	37821340.1788	35076013.4177	51187519.9788	-0.887	-3.8893	0.000013	0.328295	0.000001
sp|Q12841|FSTL1_HUMAN	405888193.1829	261810160.0323	305915815.3779	363314254.5884	277088217.9156	319495613.1820	-0.374	-1.5729	0.131474	0.420966	0.020158
sp|P01880|IGHD_HUMAN	62084487.6577	131915543.4080	35791850.6859	386629053.9132	747878366.4444	93640040.0998	0.973	1.2298	0.381375	0.068608	0.419723
sp|P07333|CSF1R_HUMAN	64751372.3121	64950380.7994	81332575.8574	210306647.7805	294238970.7799	253951571.8413	0.832	4.0053	0.000013	0.000001	0.332469
sp|P13611|CSPG2_HUMAN	53706075.1176	52466066.5168	35897186.9525	30627765.9941	49050792.1442	62701031.6883	-0.470	-1.7519	0.079138	0.410424	0.012414
sp|Q92859|NEO1_HUMAN	6413878.0372	4064884.3243	6488897.6465	9801850.2232	6851690.5556	9154965.4840	-0.137	-0.4580	0.868093	0.408271	0.175222
sp|Q7Z7G0|TARSH_HUMAN	20649271.6656	19193757.1757	32619582.4097	49035100.3684	32017737.9866	69354445.5674	0.154	0.4721	0.996496	0.222271	0.367842
sp|P35555|FBN1_HUMAN	2212626.4160	2777999.2751	3994744.0512	7644800.2532	6960943.6045	6561707.1819	0.284	1.1029	0.483128	0.087279	0.419438
sp|P02652|APOA2_HUMAN	9806939820.9197	8662213393.1457	7525030180.6060	6450227012.9996	5744179951.7027	4128552210.5356	-0.643	-2.4452	0.009023	0.370997	0.001294
sp|P19652|A1AG2_HUMAN	5147460467.2533	8364421234.2817	5378041592.1341	4043678499.9954	5625437873.1730	4316062294.1230	-0.398	-1.6678	0.100448	0.415522	0.015660
sp|P01859|IGHG2_HUMAN	25383667.9573	12010072.7857	12991633.4763	48374678.6420	113185772.8147	320021321.1472	1.538	2.4969	0.015291	0.001954	0.371126
sp|HBA_HUMAN|	117988931.7482	135407185.9779	4967452621.3183	2520290788.0956	69219232.7418	133604480.7291	-0.916	-0.6333	0.722452	0.424798	0.137729
sp|P49908|SEPP1_HUMAN	122341716.2681	105367668.3458	87400050.5262	165681564.9544	178047584.1121	159093773.9223	-0.022	-0.0946	0.996057	0.351586	0.258987
sp|P05362|ICAM1_HUMAN	18370621.3449	15619401.3883	14612720.1310	48654375.8580	134943500.7962	105007847.3249	1.081	2.4772	0.016365	0.002100	0.371934
sp|P13647|K2C5_HUMAN	2614914.8251	15859014.2827	7658809.2108	28782853.3976	114893757.9941	45957036.0883	1.395	2.2347	0.037471	0.004882	0.382271
sp|P36222|CH3L1_HUMAN	39173418.9110	46660373.8989	35747752.8737	82058939.9979	138194287.8164	76593306.6088	0.340	1.2166	0.390982	0.070406	0.419815
sp|P06276|CHLE_HUMAN	39867636.6981	38259256.3205	45395061.2774	35288381.8974	37832878.4833	46100671.4257	-0.549	-2.9845	0.001063	0.349140	0.000142
sp|P12955|PEPD_HUMAN	7276917.4005	7361005.6421	7487007.6523	21145526.4017	13813262.0553	20505028.5980	0.371	1.6772	0.158957	0.025152	0.406398
sp|P00740|FA9_HUMAN	54264274.5484	89302847.2653	38300253.8735	34964386.1841	66634262.1864	40700904.7262	-0.784	-2.0096	0.037645	0.394620	0.005768
sp|P05154|IPSP_HUMAN	21232412.6405	39773009.9219	30789865.7562	25880610.8104	34097078.5837	21075796.8844	-0.638	-2.3035	0.014735	0.378103	0.002164
sp|O95445|APOM_HUMAN	348358463.3777	235657579.8487	272625742.6723	129510786.5535	83670754.5111	89426387.9938	-1.580	-5.4568	0.000000	0.313440	0.000000
sp|Q9NZP8|C1RL_HUMAN	33059641.2823	30211271.8284	23433053.6357	62770073.6206	30035213.3428	30791234.7161	-0.237	-0.6700	0.690626	0.427301	0.130400
sp|Q9Y279|VSIG4_HUMAN	36690373.1998	50026818.7031	49473311.6405	97998321.9430	150687988.2426	200447879.3464	0.631	2.5211	0.014065	0.001787	0.370144
sp|P35442|TSP2_HUMAN	14804230.3665	12878638.9040	6382260.5239	12832906.5875	11002323.9915	14222187.4029	-0.420	-1.0827	0.400948	0.437128	0.063115
sp|LYSC_HUMAN|	85620871.8878	83728314.6744	451562784.9146	230812309.7565	220784443.0347	260531040.1317	-0.029	-0.0498	0.998023	0.342840	0.269068
sp|P09172|DOPO_HUMAN	7900295.6545	15521833.4010	8701086.7989	61649431.6362	6428423.6912	12772160.9035	-0.078	-0.0953	0.996014	0.351720	0.258828
sp|Q13421|MSLN_HUMAN	12472494.6219	17249684.7171	23639791.4129	21164597.5220	17235676.0416	7884675.8773	-0.843	-2.2538	0.017402	0.380736	0.002575
sp|P22891|PROZ_HUMAN	11779036.9297	10900329.7879	12371032.8618	6823747.2203	9313225.7940	8278088.4648	-0.969	-5.2797	0.000000	0.314693	0.000000
sp|P02654|APOC1_HUMAN	1134441705.4666	831704093.5637	452364409.7738	374278555.2396	392261008.0349	524379566.5875	-0.849	-2.3510	0.012535	0.375654	0.001827
sp|P41222|PTGDS_HUMAN	322851994.4470	241038845.4178	435022438.3484	1050165255.7201	1284264812.6792	953194952.7640	0.899	3.4247	0.000378	0.000033	0.344493
sp|P01591|IGJ_HUMAN	222702796.8745	97131659.3297	147555107.6359	1045892148.7318	952538523.9255	1312793534.0576	1.592	5.0240	0.000000	0.000000	0.317900
sp|P22352|GPX3_HUMAN	189604892.1775	192248332.7217	200420782.7226	507690195.8122	492420057.1372	691479317.5341	0.659	2.9492	0.003181	0.000317	0.355498
sp|P02746|C1QB_HUMAN	502591425.2535	429972193.2539	609777651.5435	1335826822.5655	1564858579.2343	1323848140.1960	0.615	2.1559	0.048322	0.006318	0.385687
sp|P01834|IGKC_HUMAN	3158169238.9989	2967632518.1378	3485624121.8455	21801739290.2672	15494486063.8161	25164359024.5629	1.861	6.2212	0.000000	0.000000	0.310539
sp|Q04756|HGFA_HUMAN	56999237.8797	76631214.5756	78384861.0001	37892065.4604	77922152.4976	57997127.3656	-0.706	-2.9592	0.001184	0.349999	0.000159
sp|P0DJI8|SAA1_HUMAN	393452858.0733	199415066.5757	107607531.5324	34356477.2551	23130860.4735	14447708.4583	-2.652	-5.3592	0.000000	0.314115	0.000000
sp|P39060|COIA1_HUMAN	16727961.3431	20380734.2188	26328003.9463	28040703.2574	39542924.5403	31051185.4987	-0.133	-0.6238	0.730731	0.424096	0.139659
sp|P01033|TIMP1_HUMAN	810427572.9456	712079997.2934	795498774.3375	1766504953.3412	1749011808.4227	1632099785.1154	0.496	2.6929	0.007806	0.000925	0.363595
sp|P05452|TETN_HUMAN	170137345.6336	224347345.9511	246650904.0193	611842323.5057	506418554.9153	544328036.1220	0.585	2.7689	0.006015	0.000681	0.360975
sp|P63104|1433Z_HUMAN	78769191.8196	79159111.6706	88040049.5813	29109133.4220	49263850.0404	85282305.5212	-1.046	-3.4948	0.000107	0.335389	0.000012
sp|P20908|CO5A1_HUMAN	81821853.3939	83204153.3369	52454726.8018	40568582.6843	73820732.1096	63099440.1723	-0.753	-2.8486	0.001890	0.353947	0.000257
sp|Q8IUX7|AEBP1_HUMAN	13410033.4613	6388397.0215	4770990.1547	8598684.5317	7365656.4759	9334900.7605	-0.442	-1.1143	0.381970	0.436838	0.059166
sp|P07858|CATB_HUMAN	36942066.3247	23624191.1642	23633553.7942	25241943.7060	36768149.3110	51959003.9511	-0.281	-0.9603	0.475220	0.437101	0.080050
sp|P07602|SAP_HUMAN	8592409.1121	6910742.1742	7709605.3885	8435378.5235	17934073.6726	18038410.9966	0.110	0.3717	1.000000	0.247186	0.352050
sp|Q99784|NOE1_HUMAN	6332649.8314	4868839.4786	6324009.4720	20118608.9652	25726163.7139	20428396.9586	0.799	4.0306	0.000011	0.000001	0.331961
sp|P36980|FHR2_HUMAN	93113025.4702	75761640.8930	64770631.1551	65748685.0488	75515303.1525	49807420.5793	-0.759	-2.7936	0.002375	0.356022	0.000325
sp|Q9BXR6|FHR5_HUMAN	8943312.4152	9365873.0064	8968088.6553	1892131.4756	6241326.3638	1772724.4048	-1.838	-4.4535	0.000000	0.321485	0.000000
sp|P60174|TPIS_HUMAN	2396593.4529	7370335.4732	11616286.0706	2047580.8185	3485648.3799	6306813.2635	-1.194	-2.5271	0.006715	0.367168	0.000949
sp|P09486|SPRC_HUMAN	165822428.1005	123358697.5593	83566451.9281	66548090.6381	117816734.6434	122314216.3889	-0.706	-2.0941	0.029087	0.389651	0.004403
sp|P11047|LAMC1_HUMAN	5658116.0593	6041130.0963	10132538.7445	20170186.7586	19387526.1968	18813921.5562	0.454	1.7961	0.123865	0.018406	0.401293
sp|Q9NPY3|C1QR1_HUMAN	7981576.1976	11726327.1581	12479838.8101	16374851.4837	20708003.8178	17654174.4836	0.008	0.0348	1.000000	0.325441	0.287590
sp|Q6UY14|ATL4_HUMAN	1591363.3192	463417.9134	1341405.5617	3614427.2649	7110424.4342	5622325.9422	0.877	2.3591	0.024599	0.003197	0.376905
sp|Q96KN2|CNDP1_HUMAN	7466535.2299	11605527.1160	9981810.9554	2597910.5157	7082096.9114	6394882.1696	-1.304	-3.5288	0.000090	0.334684	0.000010
sp|ALDOA_RABIT|	54623458.7700	61193750.2429	33626878.4672	14080696.3349	111769719.0169	89495153.3646	-0.518	-0.8023	0.583043	0.433787	0.105722
sp|P0CG05|LAC2_HUMAN	4189960887.5311	3405394034.9134	4809130421.2129	22518418538.1023	19415816480.0047	26779073317.4969	1.745	7.2446	0.000000	0.000000	0.308154
sp|P01861|IGHG4_HUMAN	1047368.5341	1108127.4798	914499.2973	4002229.6840	2762401.1378	6056691.6590	0.680	2.4018	0.021233	0.002752	0.375087
sp|Q96IY4|CBPB2_HUMAN	80793524.6820	98212652.8230	88639167.3917	61239173.3761	84782306.8693	67568432.0233	-0.778	-3.7253	0.000032	0.330968	0.000003
sp|P80188|NGAL_HUMAN	207464224.6643	60927943.8895	249323713.7939	61694695.5031	229792093.3950	167868167.4652	-0.640	-1.0295	0.432851	0.437350	0.070156
sp|O14786|NRP1_HUMAN	9139227.3481	9834601.2665	8580494.4698	25329375.6981	34909941.0361	35700198.6131	0.704	3.2291	0.001008	0.000087	0.348664
sp|P11597|CETP_HUMAN	4096657.8469	8448680.8102	2218527.3775	1433442.9097	2417559.4987	2320450.4134	-1.438	-3.3017	0.000266	0.339824	0.000032
sp|O14791|APOL1_HUMAN	84178137.4308	63105058.9577	28995413.4617	51009882.4544	63533455.6825	30103284.5323	-0.724	-1.5543	0.138578	0.421976	0.021156
sp|P08294|SODE_HUMAN	25842758.3671	43045218.3604	27827066.2721	83923712.0934	98302949.0510	75783534.2123	0.483	1.7928	0.124755	0.018572	0.401436
sp|P48740|MASP1_HUMAN	22483197.5871	13745052.9710	20768643.1444	23428908.4243	13995931.7106	34796967.0268	-0.400	-1.3088	0.263504	0.432654	0.038632
sp|Q14767|LTBP2_HUMAN	6635716.2040	7247839.6179	6632948.1033	6463712.3730	15206405.7020	12084924.6518	-0.097	-0.3670	0.926355	0.396731	0.195918
sp|P14618|KPYM_HUMAN	6768202.5754	8059183.8282	25608271.1062	3203968.2561	6639537.9836	12047210.1294	-1.152	-2.0847	0.029948	0.390196	0.004539
sp|P22692|IBP4_HUMAN	19813982.0213	16654855.9324	36844307.3499	107027680.2193	124345381.0357	127937023.2040	1.050	3.8011	0.000044	0.000004	0.336666
sp|P08195|4F2_HUMAN	10350103.1385	2613793.1793	2814189.6971	7038622.2528	8855419.1690	6324107.5089	-0.047	-0.0981	0.995837	0.352255	0.258193
sp|O00468|AGRIN_HUMAN	4491318.7744	2612559.3376	3258612.5480	2043835.8032	5752063.0976	2894809.8580	-0.690	-1.8791	0.055147	0.402558	0.008594
sp|P10586|PTPRF_HUMAN	3241739.2879	1761785.2199	4051945.7804	4355650.8867	3408284.1196	4256626.1890	-0.306	-0.9753	0.465885	0.437210	0.077835
sp|P55268|LAMB2_HUMAN	1122853.9884	1671726.8718	1917828.9607	2893549.3997	286030071.2189	3859151.0800	0.821	0.2583	1.000000	0.274770	0.332241
sp|Q9UM47|NOTC3_HUMAN	2353789.5259	3024895.7153	1968455.9291	4733382.5025	3310982.9943	2766225.9019	-0.307	-0.9035	0.511715	0.436387	0.088790
sp|P20851|C4BPB_HUMAN	79364381.4223	64849559.9985	81407398.5891	79219106.0405	47253404.8960	50735114.0742	-0.799	-2.6519	0.004191	0.361711	0.000581
sp|CAH1_HUMAN|	14432191.4025	6131296.1716	85864766.8090	69365075.9537	13427059.0163	19323290.3823	-0.261	-0.3392	0.940295	0.392824	0.202343
sp|Q6UXB8|PI16_HUMAN	28232373.5588	32420267.7749	64546627.0529	54119198.6672	53636180.7612	50346376.5821	-0.259	-0.9369	0.490017	0.436866	0.083584
sp|Q9HDC9|APMAP_HUMAN	10227340.3266	5602719.0245	5434031.1010	3931299.7051	3551589.5846	4467202.4555	-1.156	-3.7073	0.000036	0.331284	0.000004
sp|P12830|CADH1_HUMAN	13410107.4616	12400468.4153	17355963.1689	25936020.4018	23268904.7929	24459886.2453	-0.066	-0.3514	0.934355	0.394560	0.199519
sp|P00488|F13A_HUMAN	8611778.0174	23025106.6665	17475795.2253	20632157.6322	16840577.7952	17218929.1051	-0.352	-0.8620	0.539920	0.435541	0.095524
sp|Q6YHK3|CD109_HUMAN	3760310.0567	1402997.6561	4677667.1765	4711963.1203	4014610.3601	4803960.5670	-0.164	-0.3602	0.929959	0.395792	0.197486
sp|P20774|MIME_HUMAN	10318606.0434	6546802.8662	11488174.2792	31046052.4851	34668763.2309	27574862.7178	0.625	2.3573	0.024751	0.003217	0.376982
sp|Q6UWP8|SBSN_HUMAN	101472.0757	364160.3165	1225297.9753	1621478.5804	2315918.1501	1775859.1093	0.813	1.1162	0.471498	0.085175	0.419598
sp|P43121|MUC18_HUMAN	8205670.1834	10667089.0188	9958682.7339	18601472.9151	27678615.7891	24450427.6698	0.291	1.2863	0.342606	0.061277	0.419054
sp|P27918|PROP_HUMAN	46637095.8417	49156290.1329	92293112.3839	232608349.4319	289925680.5280	253481009.0499	1.098	3.9574	0.000017	0.000002	0.333441
sp|Q86UD1|OAF_HUMAN	9955373.7725	20591842.4625	14904996.1583	21331375.5647	25186529.4930	18328502.9908	-0.179	-0.6099	0.742875	0.423031	0.142505
sp|Q16853|AOC3_HUMAN	3681922.1090	1765984.1641	3740822.4490	18013716.1740	18252741.0034	6797209.1209	0.866	1.6563	0.165879	0.026514	0.407273
sp|B9A064|IGLL5_HUMAN	2553528910.0937	2155941195.7642	3078138702.6179	15040403227.1049	12195512096.6700	17069715722.1919	1.624	7.9328	0.000000	0.000000	0.307016
sp|P02655|APOC2_HUMAN	540619987.5863	262221714.1850	131435615.6055	342657605.3534	141753267.4110	239569677.8592	-0.614	-0.8970	0.516067	0.436274	0.089825
sp|P02743|SAMP_HUMAN	466283344.5945	448659783.6391	356032559.0339	260049888.8903	250126252.1758	245657384.4854	-0.923	-4.4085	0.000001	0.321933	0.000000
sp|P02747|C1QC_HUMAN	1050180501.6309	1034056554.3433	1568948268.0727	3273387810.6229	2741414646.0304	2575572751.7234	0.717	2.7392	0.006661	0.000769	0.361977
sp|P02792|FRIL_HUMAN	34596852.4891	24540708.0742	48651457.0120	43500026.4579	13071845.8608	14789762.9442	-1.134	-2.1886	0.021548	0.384295	0.003219
sp|P0DJI9|SAA2_HUMAN	29639039.9036	9467727.7460	26691603.0183	3432865.7493	4218283.1064	5241337.5255	-2.109	-5.1430	0.000000	0.315728	0.000000
sp|Q14118|DAG1_HUMAN	10482975.0182	10911301.9736	19973112.7597	30116040.6643	32501893.1289	28142557.2942	0.259	1.0585	0.523668	0.094553	0.418658
sp|P01767|HV306_HUMAN	29188519.9003	40596933.0334	35334242.4962	58775297.5513	49905527.3774	62232569.1986	-0.013	-0.0608	0.997615	0.345018	0.266608
sp|Q9Y5Y7|LYVE1_HUMAN	27450977.7071	32157102.1004	33929364.1159	117179264.9704	87934725.6345	109038098.6563	0.635	2.6481	0.009100	0.001103	0.365223
sp|P62258|1433E_HUMAN	67070553.1060	58523518.4262	52607091.2197	16898688.1233	29799892.5708	68435593.8541	-1.115	-2.7114	0.003315	0.359260	0.000457
sp|Q12913|PTPRJ_HUMAN	2895613.7641	2572817.9304	3676951.5049	11211876.3968	11705918.9553	11159193.7867	0.776	3.9144	0.000022	0.000002	0.334322
sp|Q9NQ79|CRAC1_HUMAN	1843866.9826	2866809.7109	2954549.9612	17682926.6870	6160176.3440	8566025.4137	0.708	1.6807	0.157817	0.024929	0.406250
sp|Q6EMK4|VASN_HUMAN	58393715.0767	81126214.3047	58710317.7989	123613452.9201	144987794.8147	140215435.7734	0.243	1.1082	0.478475	0.086436	0.419505
sp|Q8WZ75|ROBO4_HUMAN	9838353.3021	16617007.0596	2674832.6176	11076969.0713	12551882.4886	12341787.8729	-0.165	-0.2823	0.963423	0.384297	0.215574
sp|P07998|RNAS1_HUMAN	37772159.5599	23090869.6330	46981742.3687	146752079.4116	194188775.0301	165087540.7871	0.990	4.1455	0.000005	0.000001	0.329719
sp|P07737|PROF1_HUMAN	8762198.0562	5812557.0038	29018492.5382	25816114.9512	16668711.4099	51013431.0728	0.319	0.5621	0.967301	0.200001	0.380468
sp|P24592|IBP6_HUMAN	14028381.9155	13057240.4164	25937530.3103	93814896.6358	115024113.4219	81924941.8322	1.078	3.4545	0.000322	0.000028	0.343871
sp|CATD_HUMAN|	10644179.8351	2313325.4582	1715484.3239	13836675.8327	16144506.1824	11959354.4098	0.790	1.3578	0.298783	0.052827	0.417636
sp|P55290|CAD13_HUMAN	6629711.7322	4517926.4571	9549873.6893	7639395.8297	16837702.8568	9716416.6882	-0.033	-0.0894	0.996348	0.350588	0.260166
sp|P11226|MBL2_HUMAN	8820208.5128	13807291.2611	9440766.4228	36999103.8083	58432467.5917	61009516.6119	1.002	4.1793	0.000004	0.000000	0.329084
sp|Q10588|BST1_HUMAN	1741285.0757	1540784.0813	1353847.2507	3561300.9195	5871870.7692	7514851.5862	0.557	2.2998	0.030122	0.003922	0.379455
sp|P01034|CYTC_HUMAN	104479926.4478	117650191.2215	333192003.3142	553690561.6537	758077344.7057	617064504.9658	1.025	2.8025	0.005356	0.000593	0.359877
sp|P04406|G3P_HUMAN	10805065.2122	29579324.9152	29141652.8423	6917752.8446	7081269.6037	12658569.9243	-1.496	-3.6526	0.000048	0.332275	0.000005
sp|Q92820|GGH_HUMAN	17760316.1017	15250246.6374	6867202.7490	3821031.5279	5907976.2481	5065959.5854	-1.654	-4.4079	0.000001	0.321939	0.000000
sp|P04180|LCAT_HUMAN	23077587.5247	12011567.8337	29389296.6364	12271976.0300	21394886.9892	15552580.2597	-0.735	-2.0680	0.031531	0.391169	0.004791
sp|P05109|S10A8_HUMAN	333291143.2122	110251172.6658	283453388.7142	33748982.9624	26243945.8799	216786724.5817	-1.816	-2.6467	0.004276	0.361930	0.000594
sp|O14498|ISLR_HUMAN	29592491.6084	26098889.7926	26363166.1800	33407290.2349	30799030.5092	45178987.9996	-0.255	-1.2373	0.307089	0.434660	0.045438
sp|P33151|CADH5_HUMAN	27881300.8632	27735129.4529	22422336.5377	55788722.2109	65129002.3419	76502119.2808	0.367	1.7642	0.132644	0.020055	0.402676
sp|P06702|S10A9_HUMAN	176358369.7045	57150380.1841	158956217.6073	20738971.6724	15813844.1866	91913271.6604	-1.837	-3.1106	0.000618	0.345107	0.000080
sp|P39059|COFA1_HUMAN	4308332.7170	4159774.7532	1276999.1175	7236079.1835	10634898.5075	9289503.4698	0.583	1.2509	0.366439	0.065801	0.419525
sp|P00558|PGK1_HUMAN	5112550.0451	13449669.9721	22892882.5355	1740480.6205	3072614.0201	7420710.8461	-1.894	-3.0138	0.000937	0.348165	0.000124
sp|P14625|ENPL_HUMAN	1665859.5810	1116245.2552	721718.1264	3481741.2600	6255659.6123	7046993.2152	0.889	2.6184	0.010073	0.001238	0.366335
sp|P54108|CRIS3_HUMAN	12057742.6708	3567825.7070	6669752.4828	30514516.7569	19333164.2756	14457244.1685	0.616	1.3452	0.306114	0.054250	0.417928
sp|P17900|SAP3_HUMAN	2476859.1830	3045327.9855	3184360.6085	14238108.8275	17962717.4008	14862034.6409	1.161	5.7272	0.000000	0.000000	0.312969
sp|Q92496|FHR4_HUMAN	32903170.9420	41797954.4678	6374191.0125	9351799.3726	17855558.3384	36483143.3174	-0.635	-0.9006	0.513656	0.436338	0.089251
sp|P07359|GP1BA_HUMAN	3389947.6845	2871491.5239	6485966.4392	7843749.7487	10799263.8808	9493855.1516	0.299	1.1095	0.477338	0.086231	0.419521
sp|Q03167|TGBR3_HUMAN	2022704.6788	1510574.5415	1578993.8713	6912720.0465	11079256.9791	14656475.7401	1.266	3.9035	0.000023	0.000002	0.334546
sp|P15151|PVR_HUMAN	14198567.0234	12609939.1298	8275216.5171	14590498.3296	21063464.2188	22636182.9730	-0.088	-0.2650	0.968958	0.381568	0.219609
sp|P01854|IGHE_HUMAN	527875.9704	3231197.6073	443952.3344	18941420.7217	2221478.7025	2206630.4962	0.858	0.8969	0.687784	0.124308	0.412340
sp|Q9UNW1|MINP1_HUMAN	14510528.4280	5301953.5640	5056645.1756	11712864.5193	16204924.4914	17261745.7476	0.168	0.4201	1.000000	0.235204	0.359873
sp|Q9BWP8|COL11_HUMAN	1015047.8039	2981321.7937	1840433.0008	8661312.1427	7566221.4737	7929175.6221	0.876	2.6596	0.008748	0.001055	0.364799
sp|P07900|HS90A_HUMAN	11660327.3402	19874949.1066	23414879.3291	5318225.9391	5358407.3586	8695922.3015	-1.639	-5.7431	0.000000	0.311676	0.000000
sp|P07478|TRY2_HUMAN	5225957.8316	5374536.3386	3085492.1294	24642404.2017	111991132.4599	57871356.6367	1.920	3.5406	0.000200	0.000018	0.342080
sp|O94985|CSTN1_HUMAN	2964041.0337	1900197.4287	1085160.4721	4649223.7846	7063681.9977	5214117.6845	0.439	1.2040	0.400314	0.072154	0.419878
sp|Q9BYE9|CDHR2_HUMAN	468044.5019	167732.1850	105871.1824	4587697.5685	3388521.7719	5026039.3910	2.428	4.0202	0.000012	0.000001	0.332170
sp|P27487|DPP4_HUMAN	1886512.8052	3798677.1111	2844906.1318	4522557.9710	5891726.6801	5356982.1966	-0.059	-0.2230	0.979905	0.374690	0.229400
sp|P06733|ENOA_HUMAN	2370463.5765	21594456.6695	24138921.4627	4274602.8486	2624523.9384	13066995.3686	-1.295	-1.3635	0.231364	0.430763	0.033980
sp|Q13332|PTPRS_HUMAN	2398657.9490	1643384.8476	2575775.2999	7379661.4201	5815875.2337	4388172.7089	0.268	0.8726	0.713512	0.129217	0.410886
sp|P14780|MMP9_HUMAN	134893.7736	135383.6040	13835037.6074	12753.2629	96501.7913	3720222.5948	-1.634	-0.7916	0.591272	0.433400	0.107612
sp|Q9NY15|STAB1_HUMAN	1397957.5886	623189.5390	1255423.3383	3222539.8464	2276522.8188	2675969.9918	0.237	0.8036	0.784970	0.143735	0.406010
sp|Q12860|CNTN1_HUMAN	5122698.1979	3605154.5988	1845901.5351	7038712.3628	5384794.3340	7776827.7652	0.123	0.3138	1.000000	0.261378	0.342193
sp|Q14112|NID2_HUMAN	3924523.0488	7057067.2134	5060007.4449	4490421.5392	6640365.6661	8753093.3392	-0.421	-1.3944	0.214079	0.429562	0.031556
sp|Q99497|PARK7_HUMAN	834322.2698	1637206.3430	5082303.7192	2272961.6662	1034649.3394	3266359.2096	-0.584	-1.0170	0.440401	0.437352	0.071882
sp|TRYP_PIG|	6239487814.9317	4086160106.0598	3861126796.2426	5507398672.1974	7646009864.3627	6857529564.0038	0.181	0.6587	0.911822	0.176670	0.392214
sp|CRP_HUMAN|	271729401.2370	228045336.2190	310277160.9572	267399235.7970	475426307.6526	530242372.8175	0.083	0.3016	1.000000	0.264342	0.340047
sp|P01620|KV302_HUMAN	89723733.5967	111249194.1513	87039001.6345	441492577.0599	358883280.3195	455283285.9270	1.118	5.9194	0.000000	0.000000	0.311928
sp|P35542|SAA4_HUMAN	502140877.4745	678547785.9507	112857713.3369	227613055.5534	271807739.8877	290834523.9504	-0.654	-1.1091	0.385095	0.436893	0.059803
sp|P10451|OSTP_HUMAN	78788888.8118	40373532.9028	40814500.3134	21870236.3508	29740622.1973	24210064.2029	-1.254	-4.0099	0.000007	0.326566	0.000001
sp|Q9UGM5|FETUB_HUMAN	30563354.8362	22853706.4917	22653044.9937	12873993.2205	39076393.2237	15986836.8335	-0.692	-1.9140	0.049873	0.400411	0.007741
sp|P01781|HV320_HUMAN	23206886.2549	29106049.9770	20632784.3044	117668955.5738	79737753.0649	89606052.0231	0.804	2.9603	0.003054	0.000302	0.355193
sp|P01768|HV307_HUMAN	2156740.3775	906582.4958	1279094.0833	33263609.6370	20452940.3932	39523642.6160	2.541	6.0547	0.000000	0.000000	0.311262
sp|Q9UHG3|PCYOX_HUMAN	2196461.6272	706144.7478	113516.5499	1763931.7953	3507841.6313	3128163.1113	0.886	0.9972	0.583505	0.105238	0.416928
sp|Q9HCU0|CD248_HUMAN	4416289.7075	4528208.9082	8275908.6716	6337796.0425	6928772.9584	6603637.9437	-0.510	-1.9537	0.044428	0.397987	0.006861
sp|P05451|REG1A_HUMAN	10379855.7484	4029014.0314	7874129.0229	17218901.6270	36293455.5100	41624063.9990	0.827	2.1527	0.048807	0.006383	0.385826
sp|Q13093|PAFA_HUMAN	2379751.5617	2693234.0765	2434156.4829	6903236.3233	14286306.4742	6622300.5969	0.639	1.7790	0.128519	0.019276	0.402035
sp|P13598|ICAM2_HUMAN	9014235.8441	4362386.2545	5975136.5400	20582324.7723	10533200.4347	12472628.2695	0.296	0.7120	0.870072	0.164214	0.397839
sp|P32119|PRDX2_HUMAN	666425.9923	3920580.4386	25889438.3363	6392586.1674	1717156.0842	2596256.8846	-1.023	-0.9470	0.483532	0.436977	0.082047
sp|Q15848|ADIPO_HUMAN	80520676.1429	88445686.2092	40130206.0003	215913860.1244	220149126.9717	436173545.6131	0.915	2.1759	0.045355	0.005922	0.384820
sp|P78324|SHPS1_HUMAN	3039930.6418	3152403.9897	5491919.8124	6977809.1321	20208758.4608	9575087.9740	0.610	1.5998	0.185886	0.030487	0.409585
sp|P09382|LEG1_HUMAN	778997.9496	1690334.9467	1909277.9888	2654049.1265	3405531.7602	5686287.6642	0.276	0.8519	0.735217	0.133484	0.409539
sp|P09960|LKHA4_HUMAN	1253749.0366	2056887.3140	1865578.1025	1112647.9423	2459834.1765	2602690.0589	-0.565	-1.6300	0.111828	0.417741	0.017338
sp|P29401|TKT_HUMAN	3274434.2365	2491806.5466	6504470.5606	1896639.7600	7595952.7326	13108540.7031	-0.109	-0.1704	0.989109	0.365592	0.241612
sp|P98095|FBLN2_HUMAN	2196153.4922	2896222.0660	5334731.1384	6190329.3882	11293521.3451	8772015.0279	0.398	1.3458	0.305759	0.054182	0.417914
sp|Q6UX71|PXDC2_HUMAN	7824730.7436	4367004.6328	3259440.9147	8009180.8691	10742246.7470	7488930.9929	-0.033	-0.0934	0.996128	0.351356	0.259259
sp|P62805|H4_HUMAN	1297896.9703	48472682.2212	11242496.0532	973014.6387	290053.0529	3487353.5719	-2.818	-2.3109	0.014371	0.377717	0.002108
sp|P15085|CBPA1_HUMAN	332762.9343	89313.1610	296642.7692	2042771.1479	11271437.9391	9292174.1297	2.724	4.2491	0.000003	0.000000	0.327816
sp|P17936|IBP3_HUMAN	17220080.2467	37238605.5310	40126260.1416	24018668.9905	11629119.7120	27253317.3554	-0.983	-2.3467	0.012721	0.375872	0.001856
sp|P16930|FAAA_HUMAN	2650560.3458	2114506.2021	2867101.4232	9953827.8817	11253785.5185	12048994.8516	0.886	4.3922	0.000001	0.000000	0.325418
sp|Q02818|NUCB1_HUMAN	3049323.9312	4235562.8745	3045742.8405	2861816.8799	6692455.1682	7450176.6026	-0.265	-0.8460	0.551145	0.435135	0.098198
sp|P06744|G6PI_HUMAN	127996.4251	1113226.4948	3097904.4440	24860.5591	0.0000	383706.5309	-3.374	-2.7660	0.002659	0.357091	0.000365
sp|P29279|CTGF_HUMAN	7309520.8025	8876683.3953	5732330.9633	14129616.5008	46201549.9966	22016877.0882	0.728	2.0311	0.069896	0.009346	0.391090
sp|P23470|PTPRG_HUMAN	1195307.2096	442569.7283	1629925.4872	2356517.4115	7072446.4834	5932366.1938	0.816	1.7727	0.130264	0.019605	0.402308
sp|P04070|PROC_HUMAN	5064120.3343	4822774.1157	2885454.5044	3627666.6849	4041851.2414	2288992.9307	-0.863	-2.5010	0.007386	0.368366	0.001049
sp|P35916|VGFR3_HUMAN	140422.0919	557706.1043	177280.0398	1601255.5131	1613485.4922	2190876.5891	1.266	2.4079	0.020789	0.002694	0.374829
sp|Q76LX8|ATS13_HUMAN	1447478.4154	3533795.5540	919911.6341	6484857.0302	954141.3726	1871597.8492	-0.293	-0.3308	0.944278	0.391609	0.204290
sp|P03973|SLPI_HUMAN	8793066.1634	4626855.7149	7296844.3571	24041428.9052	13791811.6743	19790714.6593	0.457	1.5308	0.213226	0.035939	0.412250
sp|Q8NBJ4|GOLM1_HUMAN	51753604.8165	30234618.9419	47341354.0212	58327158.2258	79731915.3443	49704189.2860	-0.193	-0.8096	0.577666	0.434037	0.104443
sp|Q15166|PON3_HUMAN	104483520.7931	54542501.7180	42381227.0045	73270484.2661	40701018.3211	42901684.5437	-0.709	-1.7112	0.088807	0.412913	0.013905
sp|P10645|CMGA_HUMAN	1583374.4649	287980.0314	678856.1583	32345932.0524	7800900.9507	8836750.7178	2.294	2.9817	0.002820	0.000275	0.354614
sp|P00338|LDHA_HUMAN	59985052.3857	64267399.3034	94624097.1645	59688230.2601	77963187.1928	109295919.9859	-0.419	-1.4986	0.161941	0.424857	0.024395
sp|P07195|LDHB_HUMAN	64299341.8974	66524680.3449	97232079.4726	60625046.5822	82502620.3457	112915493.8860	-0.500	-1.9059	0.051053	0.400908	0.007933
sp|P14207|FOLR2_HUMAN	2346052.9984	2137480.8847	1693074.3218	11937929.8273	7801078.1118	12830627.1248	1.083	3.9616	0.000016	0.000002	0.333355
sp|Q9HCB6|SPON1_HUMAN	5948171.6832	11452647.7253	13262447.0638	10475995.6330	9885437.7386	10530140.3483	-0.527	-1.5950	0.123504	0.419739	0.019024
sp|P05164|PERM_HUMAN	2556734.8707	4516855.6965	6208247.8519	1115727.6193	448185.1645	6443146.3828	-1.681	-2.2829	0.015792	0.379186	0.002327
sp|A1L4H1|SRCRL_HUMAN	692878.6053	2471992.3930	1667042.5470	1685027.8599	4873814.0994	1467377.0774	-0.240	-0.4783	0.852983	0.410574	0.170698
sp|P11717|MPRI_HUMAN	692647.2805	183773.7138	651262.9245	1100986.1209	3142004.5568	907209.1889	0.445	0.8893	0.695837	0.125832	0.411900
sp|Q96S96|PEBP4_HUMAN	2769177.8508	93598.0172	12802403.5202	23064052.3450	42173179.0320	30876299.1091	2.588	2.2373	0.037150	0.004840	0.382159
sp|P17813|EGLN_HUMAN	1460866.2986	1463682.1067	1319753.1756	4081660.3293	4162173.7083	4693375.2079	0.471	2.3020	0.029898	0.003893	0.379360
sp|P02794|FRIH_HUMAN	3760103.9273	2263269.8608	7278912.3125	4845022.7644	1952866.1068	4499663.8695	-0.812	-1.5403	0.144145	0.422721	0.021934
sp|P07237|PDIA1_HUMAN	251998.1067	1834081.7302	1272527.3724	1053315.9335	411006.4176	969681.1795	-0.790	-1.4892	0.166203	0.425319	0.024981
sp|P05121|PAI1_HUMAN	4540878.6409	9229202.8008	2322043.0501	1449004.3718	3102020.6698	4403620.8405	-1.223	-2.4602	0.008554	0.370280	0.001223
sp|Q13308|PTK7_HUMAN	1920170.8486	2763493.8231	2584338.7721	2232076.3657	3012072.3917	1718969.5366	-0.757	-2.9319	0.001330	0.350946	0.000179
sp|P09619|PGFRB_HUMAN	139791.8756	386279.5657	183164.9574	859169.2451	1343635.9989	543876.3810	0.730	1.3536	0.301182	0.053298	0.417736
sp|O95428|PPN_HUMAN	153166.3988	86522.6944	177098.3831	703593.9248	365854.3166	475294.3737	0.593	1.6365	0.172662	0.027858	0.408094
sp|P13591|NCAM1_HUMAN	3687827.5351	5632691.8548	4829488.1460	4947176.3534	13831900.3573	11148013.9627	0.132	0.3985	1.000000	0.240561	0.356429
sp|Q9UJJ9|GNPTG_HUMAN	5568549.3524	7422085.1030	5858408.0510	11491178.0273	13353865.6564	13012827.5956	0.211	1.0103	0.570391	0.102892	0.417364
sp|Q9NZK5|CECR1_HUMAN	1033864.4756	364575.9293	646044.6874	4348930.6221	7767715.1920	3374771.9897	1.313	3.0088	0.002545	0.000243	0.353900
sp|P04075|ALDOA_HUMAN	3048079.7180	6808500.4900	8771538.6080	1843882.5421	3491994.5940	4446522.8610	-1.239	-3.2910	0.000280	0.340095	0.000034
sp|Q14126|DSG2_HUMAN	2826674.3087	2682073.6342	2264350.4220	7093727.9814	9910855.0652	9147230.6478	0.625	2.9860	0.002775	0.000269	0.354500
sp|Q13740|CD166_HUMAN	2083708.7574	1738718.8639	1352897.2678	4535504.2821	7626233.2238	4659785.1495	0.539	1.8164	0.118488	0.017415	0.400411
sp|P11142|HSP7C_HUMAN	3437622.8786	2294081.8029	4237501.4554	854540.5335	1417040.4671	927886.2455	-1.789	-5.1557	0.000000	0.315630	0.000000
sp|Q7Z7M0|MEGF8_HUMAN	527167.2915	1456914.1044	1479367.5660	4409579.5691	3917104.9396	3313977.8879	0.595	0.7983	0.790174	0.144884	0.405589
sp|O43707|ACTN4_HUMAN	790469.0911	4152067.6590	2586534.4743	192918.8489	159415.4809	559346.8883	-2.675	-4.4838	0.000000	0.321191	0.000000
sp|P01621|KV303_HUMAN	13822290.7348	10026401.0581	6334801.7075	79669411.4995	75564722.6339	84172718.3332	1.515	4.4062	0.000001	0.000000	0.325199
sp|P04211|LV001_HUMAN	33465701.0301	29240486.8295	34359032.6272	72460155.4105	303956663.3905	130216948.5984	1.012	2.1254	0.053104	0.006966	0.387008
sp|A0M8Q6|LAC7_HUMAN	3069460242.4573	2324779455.4270	3149417375.0388	14519699348.6671	12557606888.5019	18010632217.7248	1.569	7.2734	0.000000	0.000000	0.308096
sp|B2MG_HUMAN|	975307937.0874	486812680.5087	530387887.5072	2105867692.6793	3591865568.4172	2231185137.7457	1.128	2.7954	0.005489	0.000611	0.360106
sp|P02656|APOC3_HUMAN	866474639.9057	563746776.4498	1477238989.8396	663077129.7736	495707926.0522	968736935.3622	-0.595	-1.6016	0.121200	0.419367	0.018696
sp|P69891|HBG1_HUMAN	10633045.6055	5751045.4096	611734600.3742	146044148.5559	4942784.7063	7188478.6306	-1.380	-0.8231	0.567728	0.434474	0.102101
sp|P01700|LV102_HUMAN	23653808.8560	19196088.5500	28690391.8676	149886912.6472	124950397.7010	258938779.2332	1.502	4.8271	0.000000	0.000000	0.319795
sp|P80748|LV302_HUMAN	98994587.6186	118465254.6881	61223475.8516	613931135.1736	561426235.8502	824797522.0375	1.574	5.0989	0.000000	0.000000	0.317255
sp|P13797|PLST_HUMAN	24564.3877	244121.2669	44896.3503	0.0000	110067.2147	68055.4275	-1.008	-1.0026	0.449141	0.437329	0.073903
sp|Q14651|PLSI_HUMAN	0.0000	0.0000	128391.2163	68.2456	0.0000	0.0000	-3.631	-1.1529	0.358652	0.436331	0.054577
sp|P59665|DEF1_HUMAN	138518169.9255	70830217.6459	271290299.3753	55392332.5407	36347187.9965	203471562.8128	-1.154	-1.9814	0.040945	0.396311	0.006299
sp|P07585|PGS2_HUMAN	3096269.7018	6471343.6769	4563198.6952	11660261.7440	16242198.6321	9328760.8807	0.381	1.1367	0.453935	0.082001	0.419782
sp|P05997|CO5A2_HUMAN	7888976.3470	9995787.1911	5464783.9356	3588493.5514	7786896.6806	6009602.8783	-0.869	-2.7003	0.003465	0.359711	0.000478
sp|Q13790|APOF_HUMAN	117143677.4841	116316926.8169	138486203.0672	38268040.3622	36460143.2231	40394353.2312	-1.680	-7.9011	0.000000	0.306705	0.000000
sp|Q9NRN5|OLFL3_HUMAN	1786804.5435	4201206.4173	2507405.5132	1828311.9108	2869965.2889	3414583.5982	-0.730	-2.3950	0.010766	0.373445	0.001558
sp|P01625|KV402_HUMAN	35217547.7602	54695790.7213	34657175.8853	104884888.1867	93716457.8820	183657509.5869	0.560	2.0017	0.075725	0.010217	0.392363
sp|PPIA_HUMAN|	1229391.3227	8510412.3243	6511485.6788	4292185.5741	3786658.8723	6945386.5426	-0.499	-0.7130	0.654171	0.429832	0.122073
sp|P11362|FGFR1_HUMAN	6828868.7775	6336818.9752	7222334.4187	12238255.5617	14197030.4537	10432224.4180	0.021	0.0879	1.000000	0.313973	0.298809
sp|P05062|ALDOB_HUMAN	958296.2308	1216310.9533	1681491.4881	5003695.0404	6075834.4777	6880265.0605	0.884	3.9026	0.000024	0.000002	0.334564
sp|P16070|CD44_HUMAN	28082344.3218	21442344.8427	15623713.5249	44396596.5449	35690127.1841	27859791.5646	-0.028	-0.1047	0.995372	0.353510	0.256693
sp|P15259|PGAM2_HUMAN	7753646.2550	3834267.0666	2978741.3784	1433973.1249	614665.0306	2313451.0575	-1.806	-3.8912	0.000013	0.328266	0.000001
sp|Q9Y4L1|HYOU1_HUMAN	4003371.7450	5390658.2093	4875223.8883	9322454.2994	11269388.2222	11513842.7863	0.239	1.1257	0.463285	0.083694	0.419693
sp|P08107|HSP71_HUMAN	3580061.2115	2247508.0979	1770865.2396	729998.3317	417342.6317	499051.0883	-2.131	-6.4861	0.000000	0.308457	0.000000
sp|P00533|EGFR_HUMAN	676676.3588	646668.9191	437029.0448	1771838.9841	1774552.7292	1644773.6251	0.332	1.1701	0.426560	0.077005	0.419924
sp|Q06828|FMOD_HUMAN	1818946.5518	807998.1516	3297698.5420	1765142.1463	5071841.9240	2706945.4710	-0.152	-0.3150	0.951042	0.389283	0.207960
sp|P13987|CD59_HUMAN	1449949.2142	1015850.5054	1554337.3655	7059476.9391	2601286.2964	7763705.0780	0.765	1.8203	0.117475	0.017230	0.400241
sp|P04746|AMYP_HUMAN	22760.7272	18240.3879	38222.6060	359632.9960	604246.8146	286260.1306	2.181	5.6840	0.000000	0.000000	0.313217
sp|O95479|G6PE_HUMAN	7565138.3491	3825983.6139	2744646.1419	1401653.7912	2715461.8935	685997.5098	-1.768	-3.6250	0.000055	0.332792	0.000006
sp|Q9UBG0|MRC2_HUMAN	1513593.1727	425386.9741	954061.3359	2391874.1489	3907399.9263	3208216.3136	0.566	1.5089	0.222663	0.037815	0.413048
sp|Q92626|PXDN_HUMAN	2369030.3132	1269225.3422	1457381.0084	425153.9768	987101.6809	712999.3657	-1.532	-4.1010	0.000004	0.325378	0.000000
sp|Q86YZ3|HORN_HUMAN	1241418.4214	348478.7678	88400.0933	222494.5554	718612.8376	964257.3351	0.081	0.0731	1.000000	0.317209	0.295717
sp|P21810|PGS1_HUMAN	531358.9138	577761.2145	434368.1500	908418.4467	1021311.0200	1150811.7978	-0.100	-0.4375	0.882854	0.405843	0.179829
sp|O15031|PLXB2_HUMAN	43553.8426	286892.9951	36715.9061	1107086.1700	1069712.5616	1534379.5910	1.997	3.0747	0.001966	0.000180	0.352236
sp|Q99542|MMP19_HUMAN	309663.9477	219691.5017	841804.8317	1588629.8384	192144.4085	1947009.1872	-0.020	-0.0245	0.998751	0.337755	0.274682
sp|Q16627|CCL14_HUMAN	2923664.0903	4942981.8178	7564222.5223	17246924.5441	27012979.6027	17715708.8188	0.830	2.2122	0.040344	0.005259	0.383247
sp|Q9UBR2|CATZ_HUMAN	3352514.9689	2013745.6471	2099540.8313	8535618.5178	13069243.0264	17343129.2514	1.054	3.4331	0.000361	0.000031	0.344317
sp|P01619|KV301_HUMAN	5591540.0941	4102552.6702	3738287.2834	34592526.9343	25425405.9068	27953385.3084	1.357	5.2782	0.000000	0.000000	0.315853
sp|IGF2_HUMAN|	33253071.1956	28610339.1815	29610970.3261	56653013.6650	39316074.2750	39665579.5120	-0.161	-0.6907	0.672846	0.428573	0.126356
sp|Q9UGM3|DMBT1_HUMAN	21825509.5937	2417052.1997	1270390.5547	959708.1615	444457.6168	965792.7655	-2.112	-2.1375	0.025382	0.387163	0.003819
sp|Q9UNN8|EPCR_HUMAN	10872986.3632	10184674.7079	19673584.2185	32490644.6280	39964001.9174	31233520.0290	0.364	1.2548	0.363756	0.065291	0.419481
sp|P15086|CBPB1_HUMAN	978024.9119	404808.7147	519303.7594	985340.1538	10301797.8194	5667161.4799	1.128	1.7867	0.126411	0.018881	0.401701
sp|P37837|TALDO_HUMAN	2601290.0599	3353283.4527	5918878.1261	2376993.6232	1990885.0637	6124767.8709	-0.840	-2.1057	0.028054	0.388981	0.004240
sp|Q8N2S1|LTBP4_HUMAN	628164.9039	1196612.4351	1501905.2664	3358358.7073	3224285.1615	1587858.1353	0.208	0.5213	0.983191	0.210058	0.374937
sp|Q9BTY2|FUCO2_HUMAN	1096194.6932	734116.6991	2750324.0846	1453608.0397	3424701.2484	2447569.4148	-0.117	-0.2616	0.969997	0.381025	0.220401
sp|Q9UBP4|DKK3_HUMAN	33075966.5441	27699020.8683	16625139.3292	56249212.6100	37348495.1268	42678325.3046	0.056	0.1947	1.000000	0.289782	0.320253
sp|GSTP1_HUMAN|	447571.2550	11802169.9480	4411731.2739	3561986.6204	1079883.2489	2762718.7822	-1.105	-1.1560	0.356782	0.436283	0.054220
sp|PRDX1_HUMAN|	1559761.0827	2721355.4410	5095857.0761	941800.8049	951608.4022	1483138.9513	-1.573	-4.5778	0.000000	0.320312	0.000000
sp|Q76M96|CCD80_HUMAN	1839871.5928	2065842.0102	1299073.8951	472257.4922	65406.8955	528993.5163	-2.608	-3.8544	0.000016	0.328832	0.000002
sp|Q92743|HTRA1_HUMAN	1415578.0687	833444.1781	592223.0492	812187.2019	554897.5397	959860.1636	-0.796	-2.3958	0.010736	0.373405	0.001553
sp|P06331|HV209_HUMAN	55259188.1030	30080218.5733	44042975.8028	347054394.3163	215809333.2139	382750407.2677	1.511	4.0265	0.000011	0.000001	0.332043
sp|P28799|GRN_HUMAN	1944256.7834	545026.1253	1216178.9528	3496541.5508	2179336.1819	3290997.3605	0.279	0.6746	0.899912	0.172918	0.393957
sp|P04206|KV307_HUMAN	74994375.1312	102217268.2092	75696422.3159	397508874.2162	290162072.7952	389150205.3940	1.110	3.7326	0.000066	0.000006	0.338090
sp|Q92520|FAM3C_HUMAN	3868116.2361	2409521.1485	4296476.5790	11964575.2619	9946763.1382	8510863.8901	0.454	1.4203	0.264780	0.046165	0.415962
sp|P18669|PGAM1_HUMAN	8072771.8595	4915729.0685	3940131.4458	1343850.0433	873706.7778	2561574.1852	-1.943	-5.0686	0.000000	0.316303	0.000000
sp|Q14315|FLNC_HUMAN	504069.1201	831104.2552	745953.4759	870775.0202	624941.7961	290597.0373	-0.963	-2.0645	0.031872	0.391373	0.004845
sp|P31946|1433B_HUMAN	44907787.2007	36909424.0365	37177888.0576	9212212.9891	19446325.3177	54285931.5870	-1.072	-2.1492	0.024455	0.386501	0.003673
sp|P19801|AOC1_HUMAN	984709.9297	446196.9304	3081093.7141	442201.5973	351342.7245	103902.9009	-2.340	-2.8908	0.001582	0.352405	0.000214
sp|Q13228|SBP1_HUMAN	1523109.2399	304246.9559	1017201.9452	1581853.4386	712713.1679	1814659.1483	-0.253	-0.5240	0.816473	0.415388	0.160671
sp|Q7Z5L7|PODN_HUMAN	1381120.9834	201330.4853	376641.6973	667498.9633	625953.3169	1034365.2758	-0.245	-0.4272	0.889753	0.404585	0.182157
sp|Q86WI1|PKHL1_HUMAN	6722.0020	498312.1025	1215779.5058	1307333.7919	223787.8896	840358.7980	0.633	0.3500	1.000000	0.252527	0.348420
sp|P16035|TIMP2_HUMAN	4473089.4170	188314.6838	1509310.7910	7508136.2318	6399801.9880	4372575.8882	0.927	1.1242	0.464577	0.083927	0.419679
sp|P20023|CR2_HUMAN	265834.6727	118378.5801	263419.3329	1344672.0008	1554120.9542	909895.8216	1.071	2.4205	0.019906	0.002575	0.374297
sp|P49746|TSP3_HUMAN	485847.2554	260736.7470	925945.6281	67290.5491	351405.1172	477379.3174	-1.409	-2.7844	0.002466	0.356376	0.000338
sp|P49788|TIG1_HUMAN	692885.2763	512180.6406	1831101.6423	3070262.1146	3375970.9504	2166856.3358	0.365	0.9017	0.682715	0.123352	0.412612
sp|P55285|CADH6_HUMAN	162785.0965	526102.3540	268113.3087	2078378.9644	5975409.3740	2913219.6201	1.537	3.5672	0.000172	0.000016	0.341528
sp|Q01995|TAGL_HUMAN	544740.4375	196133.2495	210384.8568	2808253.4378	6707542.7660	6388856.8240	2.077	4.2647	0.000003	0.000000	0.327541
sp|P69892|HBG2_HUMAN	10633045.6055	5748966.8943	611167988.2094	146012832.1350	5213199.7361	8086765.1288	-1.350	-0.8395	0.555709	0.434957	0.099297
sp|Q13508|NAR3_HUMAN	436326.5126	181765.2673	749629.7109	1451523.2897	5270205.7286	2715174.6743	1.199	2.2195	0.039393	0.005134	0.382930
sp|P30740|ILEU_HUMAN	585099.2239	1538612.1167	2361630.4094	932892.5350	1223528.7618	3052031.5820	-0.524	-1.0593	0.414981	0.437268	0.066151
sp|Q6UVK1|CSPG4_HUMAN	1339402.4721	830669.0859	1019065.6571	617794.6102	564548.1983	1157649.1240	-1.023	-3.7575	0.000027	0.330413	0.000003
sp|P54289|CA2D1_HUMAN	172908.9326	130291.1878	257851.0556	836643.6262	1326384.0601	604621.3235	0.869	2.4373	0.018784	0.002425	0.373592
sp|O15204|ADEC1_HUMAN	202466.9838	497799.5437	399285.3983	1571175.1952	1540491.9330	780983.8942	0.488	1.1532	0.440291	0.079506	0.419876
Int_P02741ups|CRP_HUMAN_UPS	5263892.1980	6534.5981	58278.1803	725171.2830	273694.1278	228992.4795	0.302	0.1566	1.000000	0.298571	0.312785
sp|P04207|KV308_HUMAN	43384.3613	137047.6694	0.0000	1078539.7260	763878.4903	1883858.7250	2.120	3.9106	0.000022	0.000002	0.334400
sp|P04434|KV310_HUMAN	4879150.3764	1470352.4308	1503412.9959	14947963.0350	9347876.1821	16472890.6740	1.237	2.5844	0.011317	0.001409	0.367639
sp|P01605|KV113_HUMAN	108856.3781	243657.4902	157846.8683	53242.0188	9540.0325	2112779.3840	-1.062	-0.8130	0.575162	0.434150	0.103850
sp|P06889|LV405_HUMAN	16207770.9087	15142591.8919	9172344.9476	146059129.0188	110314996.6600	123794473.6014	1.623	4.5365	0.000001	0.000000	0.323290
sp|P01701|LV103_HUMAN	39352841.3318	22240857.8615	16559057.0282	272296675.4360	171467501.7066	131954358.1870	1.518	3.4803	0.000280	0.000025	0.343334
sp|Q12884|SEPR_HUMAN	115392.4790	53730.1153	18912.9622	27256.1778	374929.7862	26731.5405	-0.368	-0.3108	0.952748	0.388655	0.208937
sp|P01703|LV105_HUMAN	19237255.4250	967686.8355	721446.1043	45882436.2700	12117459.7300	59696202.5850	1.920	1.8383	0.112856	0.016394	0.399459
sp|P01617|KV204_HUMAN	12036912.1597	22560457.7308	20772301.3320	55600701.4040	36100791.5775	51510104.2447	0.383	1.2103	0.395613	0.071276	0.419850
sp|P06310|KV206_HUMAN	396.9570	1532.6724	2465.7807	111917.0255	132710.2547	7806.4094	3.348	2.7145	0.007250	0.000849	0.362831
sp|P01614|KV201_HUMAN	18392.7168	0.0000	0.0000	0.0000	0.0000	1491167.2617	1.883	0.6231	0.935347	0.185170	0.388113
sp|P02745|C1QA_HUMAN	59365069.2330	40536448.8335	42340127.2367	177103688.7202	143735207.8935	28359233.8603	0.092	0.1477	1.000000	0.300599	0.311010
sp|P01766|HV305_HUMAN	73132031.1541	60670385.2312	69682111.1020	350776906.1388	241174029.2619	342924811.3260	1.076	3.6583	0.000102	0.000010	0.339635
sp|P13473|LAMP2_HUMAN	6264318.0821	1452759.8148	3189862.8735	5747829.2631	7354252.6063	5900003.6720	0.144	0.3373	1.000000	0.255641	0.346259
sp|P11684|UTER_HUMAN	6705054.6105	6072690.2622	26240214.3700	26768464.4576	58706523.4881	38371449.5456	0.773	1.5560	0.202862	0.033868	0.411301
sp|P40189|IL6RB_HUMAN	130829.4287	0.0000	183.0535	1440431.8523	849691.5518	743265.3692	5.264	2.0982	0.057639	0.007591	0.388186
sp|P01743|HV102_HUMAN	23232091.6572	12092219.7772	16114549.4097	111068042.2198	64816574.0514	96923312.9432	1.102	3.4910	0.000264	0.000023	0.343111
sp|P31949|S10AB_HUMAN	1389778.8621	1342579.2064	2205214.8365	379455.1953	459944.1092	954067.9730	-1.646	-5.8298	0.000000	0.311193	0.000000
sp|P14543|NID1_HUMAN	1232316.9042	1948590.8889	1791748.2658	1913985.7248	2287104.4870	3534801.7610	-0.217	-0.7586	0.616960	0.432062	0.113562
sp|P35590|TIE1_HUMAN	1069667.8098	1364523.5128	372245.5911	1085373.5530	1807187.8830	2577970.0251	0.121	0.2757	1.000000	0.270598	0.335413
sp|Q15904|VAS1_HUMAN	700671.7176	326546.2891	704535.7819	825027.9643	914966.3296	1454644.9831	-0.152	-0.5502	0.794553	0.417913	0.155031
sp|P28827|PTPRM_HUMAN	204208.7205	97923.7331	20587.8083	1410765.7144	1650192.9926	1407591.0552	2.170	2.5080	0.014717	0.001876	0.370674
sp|P30530|UFO_HUMAN	1264503.3952	241689.2988	595439.3292	4955589.8825	6397033.2749	8292405.0938	1.738	3.3852	0.000466	0.000040	0.345320
sp|P01714|LV301_HUMAN	16148150.5847	15757952.2110	15671987.6665	148240665.3799	120870667.0178	142287755.9969	1.539	6.9616	0.000000	0.000000	0.308725
sp|P60900|PSA6_HUMAN	1112339.9297	1429982.1221	1133410.3158	304723.3435	315008.7364	359974.4780	-2.043	-9.2813	0.000000	0.306170	0.000000
sp|P01593|KV101_HUMAN	327586494.0989	258438649.9126	234972231.6822	1510002083.5507	1117337197.4312	1471786545.2600	1.276	5.4758	0.000000	0.000000	0.314492
sp|P01613|KV121_HUMAN	21329084.9662	14796293.1150	25056526.6613	181530623.6613	111439468.9318	136924952.7729	1.399	4.6255	0.000000	0.000000	0.322115
sp|P01597|KV105_HUMAN	323151287.5993	253637549.7712	229693038.9090	1440127500.6599	1071544154.2163	1408471705.2408	1.211	5.3735	0.000000	0.000000	0.315175
sp|P01606|KV114_HUMAN	323151287.5993	253637549.7712	229693038.9090	1440127500.6599	1071544154.2163	1408471705.2408	1.214	4.7223	0.000000	0.000000	0.320946
sp|Q9H6X2|ANTR1_HUMAN	430341.0333	529208.2610	1920.7115	81820.4851	393043.5261	520773.4424	0.603	0.3931	1.000000	0.241898	0.355556
sp|Q9BQE3|TBA1C_HUMAN	295548.2966	218707.8652	326063.1288	28697.6150	111896.9341	71980.3738	-2.262	-5.9917	0.000000	0.310355	0.000000
sp|Q8NBP7|PCSK9_HUMAN	159200.1615	318009.5602	299613.0481	223539.5558	1751565.9947	56106.3359	-0.721	-0.7995	0.585183	0.433688	0.106214
sp|P25786|PSA1_HUMAN	20960712.0500	32369672.3863	12749377.0000	16206956.1800	57766671.4700	23662238.3100	-0.315	-0.6664	0.693718	0.427070	0.131110
sp|P01598|KV106_HUMAN	7519115.8563	4206394.0033	2398742.1018	61013206.3485	37700315.4011	52306573.0595	1.892	4.4763	0.000001	0.000000	0.324143
sp|P02786|TFR1_HUMAN	861458.3708	1854537.5400	1017792.2330	1886129.0219	1431689.6606	2286216.3902	-0.208	-0.7060	0.660022	0.429449	0.123409
sp|P01772|HV311_HUMAN	9840140.3940	7228044.9011	7911128.3176	83938636.6411	70328278.6885	157055552.1058	1.851	5.9302	0.000000	0.000000	0.311873
sp|P00352|AL1A1_HUMAN	692624.4889	279522.4404	270185.1624	236526.2744	798214.3294	217807.2730	-0.862	-1.4685	0.175914	0.426314	0.026310
sp|Q06141|REG3A_HUMAN	9506073.7748	11393706.5532	6471707.1901	30002039.2317	239985380.1490	44255259.9087	1.344	1.5454	0.207168	0.034728	0.411704
sp|O95967|FBLN4_HUMAN	204825.9704	851953.4523	867576.8688	606652.4215	429328.8485	14366.1099	-2.031	-1.6110	0.118017	0.418833	0.018237
sp|Q07075|AMPE_HUMAN	94756.3609	82238.9661	101827.6248	547157.5960	599844.3354	323344.0208	1.011	2.6968	0.007703	0.000911	0.363456
sp|P50895|BCAM_HUMAN	631392.1042	1178175.9380	368825.5712	175582.7963	285603.1404	534878.5555	-1.396	-3.3938	0.000174	0.337610	0.000020
sp|P48637|GSHB_HUMAN	114031.1663	452642.6563	760500.5188	756687.9060	1219672.9433	1304542.1689	0.311	0.4521	0.998813	0.227248	0.364832
sp|O00592|PODXL_HUMAN	1840668.3292	1144274.8723	1970948.3716	2200076.7196	4293781.7604	4378731.8594	0.086	0.2839	1.000000	0.268623	0.336892
sp|Q99969|RARR2_HUMAN	7518188.2236	4988426.5161	9781402.1593	20312856.6800	22397556.2562	14344624.7488	0.410	1.2607	0.359717	0.064525	0.419411
sp|P04083|ANXA1_HUMAN	226842.0121	486445.0517	611414.0351	83876.7781	66074.8003	168680.6046	-2.224	-5.8722	0.000000	0.310965	0.000000
sp|O43240|KLK10_HUMAN	198094.8813	1283668.4633	251005.2368	2097.6184	0.0000	47384.7502	-4.954	-5.2951	0.000000	0.314579	0.000000
sp|P49913|CAMP_HUMAN	1539203.1945	1291316.6857	892263.3796	834084.1633	1313999.6779	4012208.4147	-0.321	-0.7533	0.621228	0.431826	0.114534
sp|P01709|LV206_HUMAN	0.0000	0.0000	12291.1626	146653.9959	3034755.1032	445273.5124	4.620	3.9562	0.000017	0.000002	0.333465
sp|P01609|KV117_HUMAN	324819527.8323	254978404.1724	229920885.1390	1455572206.5244	1080232916.7005	1416101897.7503	1.219	5.2899	0.000000	0.000000	0.315767
sp|P01608|KV116_HUMAN	323950635.7492	254199326.0769	230180449.9125	1443859313.9169	1070672699.3055	1415857985.4143	1.206	4.6512	0.000000	0.000000	0.321794
sp|P12318|FCG2A_HUMAN	7483406.5320	5714963.5028	5814070.4997	22810179.8087	8464488.8554	21702831.7525	0.410	1.0958	0.489411	0.088416	0.419339
sp|Q13201|MMRN1_HUMAN	78911.1912	131261.4826	160573.9844	8101207.8752	5953134.4451	6387950.3330	3.373	11.5111	0.000000	0.000000	0.306170
sp|P83593|KV405_HUMAN	2109304.1190	2889179.2483	2101104.2141	25399589.6696	12821392.3873	51636208.0330	1.823	4.1627	0.000005	0.000001	0.329395
sp|P01624|KV306_HUMAN	792658.2062	1250930.9750	1949407.5130	5591444.5800	3442023.5490	5784542.3450	0.628	1.6939	0.153616	0.024102	0.405691
sp|Q6FHJ7|SFRP4_HUMAN	4523149.5448	3201871.7364	380657.2720	4649603.6910	7896628.4880	6566284.7478	0.640	0.8244	0.763680	0.139271	0.407596
sp|P01604|KV112_HUMAN	971907.4673	1478286.9146	909013.7434	11770283.1943	2916148.4950	7656416.6442	1.025	2.0736	0.061965	0.008198	0.389251
sp|Q9BUD6|SPON2_HUMAN	5342290.0110	5354173.6572	9334824.0760	6450098.5060	5415266.3240	9402692.6330	-0.548	-1.6322	0.111128	0.417614	0.017236
sp|P34096|RNAS4_HUMAN	9700931.4483	4330878.9498	8569411.6675	25498766.7153	14939934.3710	21290554.8500	0.476	1.5244	0.215958	0.036480	0.412486
sp|Q9UEW3|MARCO_HUMAN	600028.1502	283155.5024	2319033.0048	3697945.2226	2015190.3994	1604733.7784	0.364	0.5758	0.961016	0.196646	0.382251
sp|Q12866|MERTK_HUMAN	949490.6946	1395656.4993	2257268.9360	5763553.6194	9786094.8441	9047173.3190	1.114	3.7287	0.000067	0.000007	0.338171
sp|Q99650|OSMR_HUMAN	2656098.2445	177889.9638	320802.6296	3352623.9073	2005211.8955	1388113.7671	0.652	0.7825	0.805681	0.148337	0.404298
sp|P32942|ICAM3_HUMAN	1506649.0220	291843.9896	14348.3064	1066704.1907	4807340.8294	4271584.9257	2.103	1.7297	0.142639	0.021968	0.404163
sp|P05019|IGF1_HUMAN	3106101.8073	3705608.8419	5934282.5736	6754157.6987	11134084.9355	9125084.3150	0.222	0.8230	0.765114	0.139569	0.407492
sp|P02462|CO4A1_HUMAN	1056801.6654	419919.0931	609534.0370	2881646.1094	1261420.1973	8168584.4914	0.864	1.4637	0.243291	0.041920	0.414604
sp|P78417|GSTO1_HUMAN	507850.5458	373257.5550	389497.4431	881983.4666	474604.6403	113505.3973	-0.948	-1.1517	0.359377	0.436349	0.054716
sp|Q92692|PVRL2_HUMAN	296658.5121	1171410.0247	2125598.0361	1405517.9688	1617807.8270	1890031.6846	-0.115	-0.2282	0.978718	0.375561	0.228189
sp|O00187|MASP2_HUMAN	9191033.0257	7058935.0177	12971457.4840	4816041.8260	10742314.6990	15846197.7700	-0.574	-1.4654	0.177406	0.426459	0.026515
sp|Q9BQ51|PD1L2_HUMAN	227943.2913	68558.6431	635236.1071	1611705.0530	716941.5212	1325374.9511	1.024	1.4055	0.272522	0.047683	0.416391
sp|Q14393|GAS6_HUMAN	207011.9342	520795.6468	317907.2798	3152501.3427	3168219.1492	2320952.3405	1.310	3.5194	0.000225	0.000020	0.342521
sp|Q9BYZ8|REG4_HUMAN	14611.6332	63026.3539	18777424.7820	71647.9318	420.1241	28479.0597	-3.456	-1.6942	0.093207	0.413941	0.014571
sp|P23083|HV103_HUMAN	25776077.7963	27242141.8479	39089211.2007	119134038.6933	92721613.2221	163444925.8571	0.849	2.9348	0.003353	0.000338	0.355899
sp|P12110|CO6A2_HUMAN	148837.6764	596169.0453	953965.1954	148638.7622	771342.4948	98868.6555	-1.566	-1.8876	0.053816	0.402034	0.008379
sp|P10721|KIT_HUMAN	208285.2110	336254.6345	225915.0338	126666.2334	51786.5864	272160.1316	-1.548	-2.9467	0.001248	0.350430	0.000168
sp|P37802|TAGL2_HUMAN	2802494.8510	4496750.9892	3965110.0581	5356009.4320	2715379.5740	3209512.2303	-0.711	-1.8561	0.058892	0.403979	0.009199
sp|LEP_HUMAN|	267864.1837	243441.7090	106805.3446	1889191.4565	213964.1622	274700.4903	0.097	0.1193	1.000000	0.307008	0.305276
sp|Q9BUN1|MENT_HUMAN	2341566.4955	1590480.3373	2565650.0536	1471294.7398	2865566.7000	3279523.8743	-0.550	-1.8913	0.053245	0.401806	0.008287
sp|Q9Y5Y6|ST14_HUMAN	587846.1665	558665.5676	1105507.2234	735226.9101	1110806.7763	1062910.6748	-0.461	-1.8226	0.064779	0.406054	0.010144
sp|Q86VP6|CAND1_HUMAN	34662.7827	138609.3992	2736807.8281	3980.9322	5237.1677	31265.0225	-3.683	-3.0601	0.000768	0.346671	0.000101
sp|Q02487|DSC2_HUMAN	243097.4960	29735.6063	458135.4050	2921741.3021	1286413.9323	992488.7906	1.843	1.2268	0.383547	0.069014	0.419746
sp|P14314|GLU2B_HUMAN	24602.4199	792798.8079	257188.5577	38598.9187	64844.4634	0.0000	-1.962	-1.5149	0.154773	0.424037	0.023407
sp|P15941|MUC1_HUMAN	2977986.3130	12506486.5300	617621.2939	4643598.6557	13348206.8263	9847082.5140	0.503	0.6101	0.942858	0.188306	0.386548
sp|O15394|NCAM2_HUMAN	0.0000	66448.3618	35405.7765	415722.0328	541216.0389	339221.9530	1.936	4.2178	0.000004	0.000000	0.328377
sp|Q06323|PSME1_HUMAN	152046.1978	233579.7472	531975.9555	45853.1765	70609.8364	198294.2385	-1.850	-4.3132	0.000001	0.322925	0.000000
sp|P80419|HV322_HUMAN	16815.5345	4288.6880	10818.6632	475385.1077	151588.0048	669526.7100	3.078	6.4813	0.000000	0.000000	0.309683
sp|Q96RW7|HMCN1_HUMAN	57372.9223	0.0000	131755.9205	11656.9852	47557.3950	118923.1182	-0.492	-0.4632	0.864296	0.408870	0.174060
sp|P12277|KCRB_HUMAN	1063.7017	2970.2747	316622.6209	12090.6509	289.8091	15752.4865	-1.623	-0.9541	0.479086	0.437047	0.080977
sp|P06748|NPM_HUMAN	20596.1395	2684357.8482	13412.7509	137096.9240	4171.5946	19260.7751	-1.783	-1.0436	0.424377	0.437325	0.068242
sp|Q99972|MYOC_HUMAN	51734996.1600	17270736.3219	6577642.6910	2648040.0115	656236100.3574	487411289.4000	1.065	0.7220	0.861598	0.161918	0.398824
sp|Q9NS71|GKN1_HUMAN	372628.7060	320154.0749	147923.0556	2142986.2830	2732530.8414	1671451.7028	1.378	2.8949	0.003872	0.000402	0.357041
sp|P41271|NBL1_HUMAN	4504952.9900	1633040.0064	3870885.1646	12362935.9223	18884197.0274	13632536.0184	1.037	2.8118	0.005186	0.000571	0.359579
sp|P01769|HV308_HUMAN	2783795.5938	1113835.0036	1735583.2024	23028277.2136	29983471.2992	47994973.4360	2.299	6.2724	0.000000	0.000000	0.310343
sp|O75874|IDHC_HUMAN	658946.8717	529409.8308	1199867.5568	795654.8242	770824.9281	1132618.6975	-0.565	-2.5035	0.007319	0.368250	0.001039
sp|O75636|FCN3_HUMAN	2479730.8002	2866051.0708	4072870.5296	3041653.9653	4292104.0673	3144023.8928	-0.545	-2.4523	0.008798	0.370657	0.001260
sp|Q01459|DIAC_HUMAN	3192421.4064	3127282.9913	3310985.7004	6892345.9905	1808404.5016	3127518.2194	-0.580	-1.3228	0.255110	0.432199	0.037396
sp|P19021|AMD_HUMAN	1613804.7819	1323764.8022	1316197.3192	2469577.1846	2119870.8057	2388550.1381	-0.140	-0.6158	0.737713	0.423489	0.141294
sp|Q8WWA0|ITLN1_HUMAN	595143.9121	43952.9046	324353.2842	4273495.1380	6951.1043	2776353.8648	0.289	0.1729	1.000000	0.294831	0.316006
sp|Q12864|CAD17_HUMAN	1666.7841	9186.9820	381447.7336	526070.5314	525470.4429	489888.1102	2.395	1.5103	0.222052	0.037693	0.412997
sp|O75023|LIRB5_HUMAN	570254.4591	2333305.9906	626755.3381	594466.3310	223646.9149	1883541.5496	-1.110	-1.5633	0.135091	0.421490	0.020669
sp|P04066|FUCO_HUMAN	277444.2540	241340.1532	237184.7154	2204751.3515	957767.3951	1596579.6530	0.982	2.7366	0.006721	0.000777	0.362066
sp|Q08554|DSC1_HUMAN	101428.4931	131296.5313	767634.7563	3259495.4654	1015541.0880	1057613.5563	1.276	1.7803	0.128162	0.019209	0.401978
sp|Q13444|ADA15_HUMAN	481.9280	76294.2046	201392.9237	1141981.8224	1226088.0078	693141.2866	3.352	1.7003	0.151607	0.023709	0.405419
sp|P16152|CBR1_HUMAN	263401.8758	97960.3772	849167.2470	28940.1173	434552.1355	534362.7910	-1.019	-1.0612	0.413836	0.437259	0.065901
sp|P30101|PDIA3_HUMAN	432507.5330	629966.9291	944540.8857	31168.2106	56023.3820	256207.4313	-2.807	-6.3488	0.000000	0.308884	0.000000
sp|P28300|LYOX_HUMAN	1096463.0770	367245.3079	537244.7550	2243424.7517	3380231.2876	2680747.1810	0.742	2.2313	0.037894	0.004938	0.382419
sp|Q9NPH3|IL1AP_HUMAN	7683859.5396	8690309.6996	7108232.5335	5471597.8372	5788378.1013	7136013.0020	-0.876	-4.3164	0.000001	0.322891	0.000000
sp|P08174|DAF_HUMAN	157297.9218	108031.6292	319499.7095	555953.0444	1124953.3923	857463.9084	0.752	1.7497	0.136779	0.020843	0.403302
sp|P19971|TYPH_HUMAN	404945.6684	1492831.0323	1428144.2991	196170.6670	312849.8245	411569.5734	-1.929	-4.8003	0.000000	0.318416	0.000000
sp|Q8IWV2|CNTN4_HUMAN	189750.5155	9131.7363	217270.9136	587810.2841	131011.6038	389979.2687	0.578	0.4599	0.997972	0.225307	0.366015
sp|Q16663|CCL15_HUMAN	11630.2794	204.1664	11524.2610	686303.4129	1491642.4247	1839275.2412	5.461	4.4165	0.000001	0.000000	0.325040
sp|P31146|COR1A_HUMAN	38059.4117	202685.3292	789368.1888	141629.6427	0.0000	2279983.4483	-0.509	-0.4332	0.885764	0.405321	0.180799
sp|P07911|UROM_HUMAN	679469.8769	267214.9086	128562.9474	478769.8668	266205.1811	513612.8575	-0.405	-0.6766	0.684957	0.427718	0.129103
sp|P01596|KV104_HUMAN	57993.9610	0.0000	38714.4485	0.0000	2060.3118	1378287.4660	-0.240	-0.1110	0.994940	0.354701	0.255258
sp|P40199|CEAM6_HUMAN	469754.3118	183341.3007	1514606.6139	132595.7964	30695.6025	317821.1134	-2.152	-2.5957	0.005200	0.364114	0.000727
sp|P01707|LV204_HUMAN	31622.9268	4681.0198	0.0000	400957.9324	10400.5269	66233.6810	1.562	1.0406	0.540747	0.097596	0.418233
sp|Q9Y624|JAM1_HUMAN	301880.7588	29430.1323	32547.8235	41484.8471	2300192.5776	930178.6491	1.557	1.3242	0.318697	0.056685	0.418375
sp|P08254|MMP3_HUMAN	22172.0442	1988.3178	0.0000	29627.5542	289844.4547	208720.9759	2.453	3.1869	0.001221	0.000106	0.349604
sp|Q9H4A9|DPEP2_HUMAN	64271.9555	0.0000	15097.1410	556225.4149	97330.6855	573756.1077	2.223	2.2377	0.037101	0.004834	0.382141
sp|Q12906|ILF3_HUMAN	623.0074	426018.8782	172129.8219	11758.6968	0.0000	1423.2813	-3.867	-1.7177	0.087187	0.412517	0.013657
sp|P04216|THY1_HUMAN	1850811.0609	2732930.0837	2488514.8969	4098248.0119	4522962.7992	4978845.5657	-0.024	-0.1175	0.994525	0.355924	0.253775
sp|P30041|PRDX6_HUMAN	6300.2119	15895.1899	363959.1975	14220.6576	0.0000	0.0000	-2.903	-1.9385	0.046445	0.398912	0.007187
sp|Q13232|NDK3_HUMAN	105008.2148	38990.0799	87244.0762	8159.3226	25295.5246	419886.2128	-0.914	-0.7262	0.643142	0.430525	0.119575
sp|P55103|INHBC_HUMAN	817517.4844	145865.5509	182921.8455	224855.7911	399709.6625	392115.8906	-0.484	-0.8430	0.553251	0.435054	0.098705
sp|P01599|KV107_HUMAN	323287834.8731	253692136.1983	229802420.0023	1443556486.1124	1072635831.1445	1413710777.9843	1.223	5.5418	0.000000	0.000000	0.314072
sp|P48304|REG1B_HUMAN	249375.1074	3146605.8970	1053656.9510	3781906.1600	3462158.9470	10879746.2900	0.995	1.5499	0.205333	0.034361	0.411533
sp|O95633|FSTL3_HUMAN	1757101.6963	1608010.1667	99546.7166	4439521.4766	8817937.1140	15957.9115	0.071	0.0310	1.000000	0.326246	0.286775
sp|P01611|KV119_HUMAN	1643597.8959	1831959.3460	542451.5383	4332210.7264	7604354.2618	121011809.9150	1.821	1.6544	0.166518	0.026641	0.407353
sp|P01612|KV120_HUMAN	3559937.2248	5369659.4367	75067.5212	27910542.6688	31889434.1540	45083295.1530	2.706	1.7796	0.128354	0.019245	0.402009
sp|CAH2_HUMAN|	754371.1175	1189059.4126	7786788.7500	2065193.3128	1731538.8418	1745571.4652	-0.716	-1.1396	0.366725	0.436525	0.056129
sp|P27797|CALR_HUMAN	1269939.7638	1587924.4181	712444.3178	33123.8603	3570418.9099	4375628.9060	-0.906	-0.7526	0.621792	0.431795	0.114662
sp|P04080|CYTB_HUMAN	1288890.9323	964370.9608	4525487.3084	3533547.6373	5237387.7651	4613345.1511	0.256	0.5531	0.971304	0.202212	0.379276
sp|Q9UHG2|PCSK1_HUMAN	14240.2470	1349.5713	2876.1621	224680.4554	145599.5381	182389.6435	3.196	4.5663	0.000000	0.000000	0.322885
sp|P12821|ACE_HUMAN	1057497.2035	263563.3511	734295.5233	2239961.3268	1504876.1865	2365571.6572	0.489	1.1863	0.413903	0.074659	0.419925
sp|Q96SM3|CPXM1_HUMAN	862149.3332	1820563.6460	1679512.5690	569163.6542	1069575.6851	1377974.3475	-1.099	-2.9627	0.001166	0.349879	0.000156
sp|Q6WN34|CRDL2_HUMAN	469088.5250	96007.7268	243766.8305	1292655.5959	4285164.5141	575144.8079	1.207	1.4129	0.268634	0.046920	0.416179
sp|P01616|KV203_HUMAN	654075.0881	62722.2815	606416.1913	7935603.6420	2169760.6680	5234187.9370	2.192	2.5831	0.011368	0.001416	0.367689
sp|Q86SQ4|GP126_HUMAN	1873510.0223	401890.3764	750065.8381	1620005.7957	1919154.0153	1543142.7376	-0.043	-0.1008	0.995655	0.352769	0.257579
sp|O00299|CLIC1_HUMAN	686922.2657	2378288.2659	2981122.8241	681042.4089	651940.1733	2118778.2235	-1.235	-2.4350	0.009355	0.371488	0.001344
sp|P20062|TCO2_HUMAN	76691.0393	885597.5425	515609.8428	1337250.3568	1113941.1052	1619808.4345	0.661	1.0242	0.556642	0.100440	0.417787
sp|Q8WUJ3|CEMIP_HUMAN	257091.4179	485990.2862	496193.9495	739090.0164	1416819.2646	999743.0848	0.113	0.3726	1.000000	0.246964	0.352199
sp|P26022|PTX3_HUMAN	531406.0654	913145.0305	1452986.4955	1257370.7967	1637101.0555	4202113.6435	0.100	0.2269	1.000000	0.282231	0.326399
sp|Q9H8L6|MMRN2_HUMAN	408967.0274	1113216.7079	1299233.1655	2274022.0120	1410332.8278	3984468.9190	0.391	0.9624	0.619052	0.111633	0.415591
sp|Q24JP5|T132A_HUMAN	70221.3111	484.8717	3479.8079	2383.0113	481419.1668	923.2065	0.120	0.0595	1.000000	0.320156	0.292852
sp|P28066|PSA5_HUMAN	0.0000	0.0000	148827.0098	0.0000	12901.1809	43658.3754	-0.459	-0.3243	0.947185	0.390658	0.205799
sp|P35237|SPB6_HUMAN	34917054.0072	2711041.9712	16358673.2730	11952965.1280	3957544.8450	3953799.1013	-1.253	-1.5743	0.130957	0.420889	0.020085
sp|P08833|IBP1_HUMAN	4019817.5217	4124483.6530	2860114.3404	5938272.8590	3050731.2430	8930468.1250	-0.283	-0.6100	0.742788	0.423039	0.142485
sp|P00491|PNPH_HUMAN	26950.4551	108938.8647	355057.2341	6539.0233	12848.5264	319.0261	-3.870	-3.1285	0.000572	0.344570	0.000073
sp|P62987|RL40_HUMAN	12763659.8232	23118387.3623	62295465.4453	59432956.9567	348802621.6460	218351459.5562	1.292	1.7711	0.130709	0.019689	0.402377
